   5.06773071616e+07    7.60159607423e+09    5.06773071616e+06    1.34945000000e+00 
1491 
9.595518e-04 
7.801325e-04 
6.422383e-04 
5.321817e-04 
4.378971e-04 
3.379707e-04 
3.072281e-04 
3.180046e-04 
3.015165e-04 
2.803530e-04 
2.590032e-04 
2.388669e-04 
2.203261e-04 
2.035484e-04 
1.883094e-04 
1.745474e-04 
1.621364e-04 
1.508822e-04 
1.406929e-04 
1.314516e-04 
1.230476e-04 
1.153983e-04 
1.084166e-04 
1.020305e-04 
9.617601e-05 
9.079675e-05 
8.584536e-05 
8.128256e-05 
7.706551e-05 
7.316087e-05 
6.953929e-05 
6.617644e-05 
6.305123e-05 
6.013863e-05 
5.742008e-05 
5.487902e-05 
5.250063e-05 
5.027386e-05 
4.818452e-05 
4.622133e-05 
4.437444e-05 
4.263495e-05 
4.099481e-05 
3.944718e-05 
3.798537e-05 
3.660273e-05 
3.529367e-05 
3.405312e-05 
3.287641e-05 
3.175929e-05 
3.069806e-05 
2.968908e-05 
2.872879e-05 
2.781414e-05 
2.694229e-05 
2.611063e-05 
2.531674e-05 
2.455838e-05 
2.383367e-05 
2.314047e-05 
2.247700e-05 
2.184157e-05 
2.123265e-05 
2.064878e-05 
2.008860e-05 
1.955087e-05 
1.903442e-05 
1.853814e-05 
1.806099e-05 
1.760200e-05 
1.716025e-05 
1.673491e-05 
1.632516e-05 
1.593026e-05 
1.554950e-05 
1.518221e-05 
1.482777e-05 
1.448559e-05 
1.415510e-05 
1.383578e-05 
1.352715e-05 
1.322871e-05 
1.294004e-05 
1.266071e-05 
1.239033e-05 
1.212851e-05 
1.187489e-05 
1.162916e-05 
1.139097e-05 
1.116002e-05 
1.093602e-05 
1.071870e-05 
1.050780e-05 
1.030305e-05 
1.010424e-05 
9.911120e-06 
9.723487e-06 
9.541133e-06 
9.363858e-06 
9.191471e-06 
9.023802e-06 
8.860679e-06 
8.701941e-06 
8.547431e-06 
8.397001e-06 
8.250509e-06 
8.107818e-06 
7.968798e-06 
7.833324e-06 
7.701277e-06 
7.572542e-06 
7.447008e-06 
7.324563e-06 
7.205114e-06 
7.088563e-06 
6.974820e-06 
6.863793e-06 
6.755397e-06 
6.649550e-06 
6.546172e-06 
6.445188e-06 
6.346523e-06 
6.250108e-06 
6.155874e-06 
6.063757e-06 
5.973692e-06 
5.885618e-06 
5.799478e-06 
5.715216e-06 
5.632779e-06 
5.552113e-06 
5.473169e-06 
5.395897e-06 
5.320252e-06 
5.246186e-06 
5.173658e-06 
5.102625e-06 
5.033045e-06 
4.964879e-06 
4.898090e-06 
4.832641e-06 
4.768495e-06 
4.705615e-06 
4.643969e-06 
4.583527e-06 
4.524259e-06 
4.466133e-06 
4.409121e-06 
4.353194e-06 
4.298326e-06 
4.244489e-06 
4.191657e-06 
4.139807e-06 
4.088914e-06 
4.038953e-06 
3.989904e-06 
3.941743e-06 
3.894450e-06 
3.848003e-06 
3.802382e-06 
3.757568e-06 
3.713541e-06 
3.670285e-06 
3.627780e-06 
3.586009e-06 
3.544957e-06 
3.504606e-06 
3.464940e-06 
3.425945e-06 
3.387604e-06 
3.349904e-06 
3.312831e-06 
3.276370e-06 
3.240508e-06 
3.205231e-06 
3.170529e-06 
3.136387e-06 
3.102794e-06 
3.069738e-06 
3.037208e-06 
3.005190e-06 
2.973676e-06 
2.942656e-06 
2.912119e-06 
2.882054e-06 
2.852454e-06 
2.823307e-06 
2.794605e-06 
2.766339e-06 
2.738499e-06 
2.711079e-06 
2.684068e-06 
2.657459e-06 
2.631244e-06 
2.605415e-06 
2.579966e-06 
2.554887e-06 
2.530172e-06 
2.505815e-06 
2.481808e-06 
2.458144e-06 
2.434817e-06 
2.411821e-06 
2.389148e-06 
2.366795e-06 
2.344753e-06 
2.323018e-06 
2.301585e-06 
2.280446e-06 
2.259598e-06 
2.239035e-06 
2.218751e-06 
2.198741e-06 
2.179002e-06 
2.159527e-06 
2.140312e-06 
2.121353e-06 
2.102644e-06 
2.084182e-06 
2.065963e-06 
2.047981e-06 
2.030233e-06 
2.012715e-06 
1.995423e-06 
1.978353e-06 
1.961501e-06 
1.944863e-06 
1.928436e-06 
1.912216e-06 
1.896200e-06 
1.880385e-06 
1.864767e-06 
1.849342e-06 
1.834109e-06 
1.819063e-06 
1.804201e-06 
1.789521e-06 
1.775020e-06 
1.760694e-06 
1.746541e-06 
1.732558e-06 
1.718742e-06 
1.705092e-06 
1.691603e-06 
1.678273e-06 
1.665101e-06 
1.652083e-06 
1.639218e-06 
1.626502e-06 
1.613934e-06 
1.601510e-06 
1.589230e-06 
1.577090e-06 
1.565089e-06 
1.553224e-06 
1.541494e-06 
1.529896e-06 
1.518429e-06 
1.507090e-06 
1.495878e-06 
1.484790e-06 
1.473825e-06 
1.462982e-06 
1.452258e-06 
1.441651e-06 
1.431160e-06 
1.420783e-06 
1.410519e-06 
1.400366e-06 
1.390322e-06 
1.380386e-06 
1.370556e-06 
1.360830e-06 
1.351208e-06 
1.341687e-06 
1.332267e-06 
1.322946e-06 
1.313722e-06 
1.304595e-06 
1.295562e-06 
1.286623e-06 
1.277776e-06 
1.269019e-06 
1.260353e-06 
1.251775e-06 
1.243284e-06 
1.234880e-06 
1.226560e-06 
1.218325e-06 
1.210172e-06 
1.202100e-06 
1.194109e-06 
1.186198e-06 
1.178365e-06 
1.170609e-06 
1.162930e-06 
1.155326e-06 
1.147797e-06 
1.140340e-06 
1.132957e-06 
1.125645e-06 
1.118403e-06 
1.111231e-06 
1.104128e-06 
1.097093e-06 
1.090125e-06 
1.083223e-06 
1.076386e-06 
1.069614e-06 
1.062906e-06 
1.056260e-06 
1.049677e-06 
1.043155e-06 
1.036694e-06 
1.030292e-06 
1.023950e-06 
1.017666e-06 
1.011439e-06 
1.005270e-06 
9.991567e-07 
9.930993e-07 
9.870967e-07 
9.811484e-07 
9.752538e-07 
9.694121e-07 
9.636228e-07 
9.578852e-07 
9.521987e-07 
9.465628e-07 
9.409767e-07 
9.354400e-07 
9.299520e-07 
9.245121e-07 
9.191199e-07 
9.137748e-07 
9.084761e-07 
9.032235e-07 
8.980162e-07 
8.928539e-07 
8.877360e-07 
8.826620e-07 
8.776314e-07 
8.726437e-07 
8.676984e-07 
8.627950e-07 
8.579330e-07 
8.531121e-07 
8.483317e-07 
8.435913e-07 
8.388907e-07 
8.342292e-07 
8.296064e-07 
8.250220e-07 
8.204756e-07 
8.159666e-07 
8.114946e-07 
8.070594e-07 
8.026604e-07 
7.982974e-07 
7.939698e-07 
7.896773e-07 
7.854195e-07 
7.811962e-07 
7.770067e-07 
7.728510e-07 
7.687284e-07 
7.646388e-07 
7.605818e-07 
7.565569e-07 
7.525640e-07 
7.486026e-07 
7.446724e-07 
7.407730e-07 
7.369042e-07 
7.330657e-07 
7.292571e-07 
7.254781e-07 
7.217283e-07 
7.180076e-07 
7.143156e-07 
7.106520e-07 
7.070165e-07 
7.034088e-07 
6.998287e-07 
6.962759e-07 
6.927501e-07 
6.892510e-07 
6.857783e-07 
6.823318e-07 
6.789113e-07 
6.755164e-07 
6.721470e-07 
6.688026e-07 
6.654832e-07 
6.621885e-07 
6.589182e-07 
6.556720e-07 
6.524498e-07 
6.492513e-07 
6.460762e-07 
6.429244e-07 
6.397956e-07 
6.366896e-07 
6.336062e-07 
6.305451e-07 
6.275062e-07 
6.244892e-07 
6.214939e-07 
6.185200e-07 
6.155675e-07 
6.126360e-07 
6.097255e-07 
6.068356e-07 
6.039663e-07 
6.011172e-07 
5.982883e-07 
5.954793e-07 
5.926900e-07 
5.899203e-07 
5.871700e-07 
5.844389e-07 
5.817268e-07 
5.790335e-07 
5.763589e-07 
5.737028e-07 
5.710650e-07 
5.684454e-07 
5.658438e-07 
5.632599e-07 
5.606938e-07 
5.581451e-07 
5.556138e-07 
5.530997e-07 
5.506026e-07 
5.481224e-07 
5.456589e-07 
5.432120e-07 
5.407815e-07 
5.383673e-07 
5.359692e-07 
5.335872e-07 
5.312209e-07 
5.288704e-07 
5.265355e-07 
5.242159e-07 
5.219117e-07 
5.196227e-07 
5.173486e-07 
5.150895e-07 
5.128451e-07 
5.106154e-07 
5.084002e-07 
5.061994e-07 
5.040129e-07 
5.018404e-07 
4.996820e-07 
4.975376e-07 
4.954068e-07 
4.932898e-07 
4.911863e-07 
4.890962e-07 
4.870194e-07 
4.849558e-07 
4.829053e-07 
4.808678e-07 
4.788432e-07 
4.768313e-07 
4.748321e-07 
4.728454e-07 
4.708712e-07 
4.689093e-07 
4.669597e-07 
4.650222e-07 
4.630967e-07 
4.611832e-07 
4.592815e-07 
4.573916e-07 
4.555133e-07 
4.536465e-07 
4.517912e-07 
4.499472e-07 
4.481146e-07 
4.462931e-07 
4.444826e-07 
4.426832e-07 
4.408947e-07 
4.391170e-07 
4.373501e-07 
4.355937e-07 
4.338480e-07 
4.321127e-07 
4.303878e-07 
4.286732e-07 
4.269689e-07 
4.252747e-07 
4.235906e-07 
4.219164e-07 
4.202522e-07 
4.185978e-07 
4.169532e-07 
4.153182e-07 
4.136928e-07 
4.120770e-07 
4.104706e-07 
4.088736e-07 
4.072859e-07 
4.057074e-07 
4.041381e-07 
4.025778e-07 
4.010266e-07 
3.994843e-07 
3.979510e-07 
3.964264e-07 
3.949106e-07 
3.934034e-07 
3.919049e-07 
3.904149e-07 
3.889334e-07 
3.874603e-07 
3.859956e-07 
3.845392e-07 
3.830910e-07 
3.816509e-07 
3.802190e-07 
3.787951e-07 
3.773792e-07 
3.759712e-07 
3.745711e-07 
3.731788e-07 
3.717942e-07 
3.704173e-07 
3.690481e-07 
3.676864e-07 
3.663323e-07 
3.649856e-07 
3.636464e-07 
3.623145e-07 
3.609899e-07 
3.596726e-07 
3.583624e-07 
3.570594e-07 
3.557636e-07 
3.544747e-07 
3.531929e-07 
3.519179e-07 
3.506499e-07 
3.493888e-07 
3.481344e-07 
3.468867e-07 
3.456458e-07 
3.444115e-07 
3.431838e-07 
3.419627e-07 
3.407480e-07 
3.395399e-07 
3.383381e-07 
3.371427e-07 
3.359537e-07 
3.347709e-07 
3.335943e-07 
3.324240e-07 
3.312598e-07 
3.301017e-07 
3.289497e-07 
3.278036e-07 
3.266636e-07 
3.255295e-07 
3.244013e-07 
3.232790e-07 
3.221625e-07 
3.210517e-07 
3.199467e-07 
3.188474e-07 
3.177537e-07 
3.166657e-07 
3.155832e-07 
3.145063e-07 
3.134349e-07 
3.123689e-07 
3.113084e-07 
3.102532e-07 
3.092035e-07 
3.081590e-07 
3.071198e-07 
3.060859e-07 
3.050572e-07 
3.040337e-07 
3.030153e-07 
3.020020e-07 
3.009938e-07 
2.999906e-07 
2.989925e-07 
2.979993e-07 
2.970111e-07 
2.960277e-07 
2.950493e-07 
2.940757e-07 
2.931069e-07 
2.921429e-07 
2.911836e-07 
2.902290e-07 
2.892792e-07 
2.883340e-07 
2.873934e-07 
2.864574e-07 
2.855260e-07 
2.845991e-07 
2.836767e-07 
2.827588e-07 
2.818453e-07 
2.809363e-07 
2.800317e-07 
2.791314e-07 
2.782354e-07 
2.773438e-07 
2.764564e-07 
2.755733e-07 
2.746945e-07 
2.738198e-07 
2.729493e-07 
2.720829e-07 
2.712207e-07 
2.703625e-07 
2.695084e-07 
2.686584e-07 
2.678123e-07 
2.669703e-07 
2.661322e-07 
2.652981e-07 
2.644679e-07 
2.636416e-07 
2.628191e-07 
2.620005e-07 
2.611857e-07 
2.603747e-07 
2.595675e-07 
2.587640e-07 
2.579642e-07 
2.571682e-07 
2.563758e-07 
2.555871e-07 
2.548020e-07 
2.540206e-07 
2.532427e-07 
2.524684e-07 
2.516976e-07 
2.509304e-07 
2.501666e-07 
2.494064e-07 
2.486496e-07 
2.478962e-07 
2.471463e-07 
2.463998e-07 
2.456566e-07 
2.449168e-07 
2.441804e-07 
2.434472e-07 
2.427174e-07 
2.419908e-07 
2.412675e-07 
2.405474e-07 
2.398306e-07 
2.391169e-07 
2.384065e-07 
2.376991e-07 
2.369950e-07 
2.362939e-07 
2.355960e-07 
2.349012e-07 
2.342094e-07 
2.335207e-07 
2.328350e-07 
2.321523e-07 
2.314726e-07 
2.307959e-07 
2.301222e-07 
2.294514e-07 
2.287835e-07 
2.281186e-07 
2.274565e-07 
2.267974e-07 
2.261411e-07 
2.254876e-07 
2.248370e-07 
2.241891e-07 
2.235441e-07 
2.229019e-07 
2.222624e-07 
2.216256e-07 
2.209916e-07 
2.203604e-07 
2.197318e-07 
2.191059e-07 
2.184826e-07 
2.178621e-07 
2.172441e-07 
2.166288e-07 
2.160161e-07 
2.154060e-07 
2.147985e-07 
2.141936e-07 
2.135912e-07 
2.129913e-07 
2.123940e-07 
2.117992e-07 
2.112068e-07 
2.106170e-07 
2.100296e-07 
2.094447e-07 
2.088622e-07 
2.082821e-07 
2.077045e-07 
2.071292e-07 
2.065564e-07 
2.059859e-07 
2.054178e-07 
2.048520e-07 
2.042886e-07 
2.037274e-07 
2.031686e-07 
2.026121e-07 
2.020579e-07 
2.015059e-07 
2.009562e-07 
2.004088e-07 
1.998636e-07 
1.993206e-07 
1.987798e-07 
1.982412e-07 
1.977048e-07 
1.971705e-07 
1.966385e-07 
1.961086e-07 
1.955808e-07 
1.950551e-07 
1.945316e-07 
1.940102e-07 
1.934909e-07 
1.929736e-07 
1.924584e-07 
1.919453e-07 
1.914342e-07 
1.909252e-07 
1.904182e-07 
1.899132e-07 
1.894102e-07 
1.889093e-07 
1.884103e-07 
1.879132e-07 
1.874182e-07 
1.869251e-07 
1.864339e-07 
1.859447e-07 
1.854574e-07 
1.849720e-07 
1.844885e-07 
1.840069e-07 
1.835272e-07 
1.830493e-07 
1.825734e-07 
1.820992e-07 
1.816270e-07 
1.811565e-07 
1.806879e-07 
1.802211e-07 
1.797561e-07 
1.792929e-07 
1.788315e-07 
1.783719e-07 
1.779140e-07 
1.774579e-07 
1.770036e-07 
1.765510e-07 
1.761001e-07 
1.756510e-07 
1.752036e-07 
1.747578e-07 
1.743138e-07 
1.738715e-07 
1.734308e-07 
1.729919e-07 
1.725546e-07 
1.721189e-07 
1.716849e-07 
1.712525e-07 
1.708218e-07 
1.703927e-07 
1.699652e-07 
1.695393e-07 
1.691150e-07 
1.686923e-07 
1.682712e-07 
1.678517e-07 
1.674337e-07 
1.670173e-07 
1.666024e-07 
1.661891e-07 
1.657773e-07 
1.653671e-07 
1.649583e-07 
1.645511e-07 
1.641454e-07 
1.637412e-07 
1.633385e-07 
1.629372e-07 
1.625375e-07 
1.621392e-07 
1.617423e-07 
1.613470e-07 
1.609530e-07 
1.605606e-07 
1.601695e-07 
1.597799e-07 
1.593917e-07 
1.590049e-07 
1.586195e-07 
1.582355e-07 
1.578529e-07 
1.574717e-07 
1.570919e-07 
1.567134e-07 
1.563364e-07 
1.559606e-07 
1.555863e-07 
1.552132e-07 
1.548415e-07 
1.544712e-07 
1.541021e-07 
1.537344e-07 
1.533680e-07 
1.530030e-07 
1.526392e-07 
1.522767e-07 
1.519155e-07 
1.515556e-07 
1.511969e-07 
1.508396e-07 
1.504835e-07 
1.501286e-07 
1.497751e-07 
1.494227e-07 
1.490716e-07 
1.487218e-07 
1.483731e-07 
1.480257e-07 
1.476796e-07 
1.473346e-07 
1.469908e-07 
1.466483e-07 
1.463069e-07 
1.459667e-07 
1.456277e-07 
1.452899e-07 
1.449533e-07 
1.446178e-07 
1.442835e-07 
1.439504e-07 
1.436184e-07 
1.432875e-07 
1.429578e-07 
1.426292e-07 
1.423018e-07 
1.419755e-07 
1.416503e-07 
1.413262e-07 
1.410033e-07 
1.406814e-07 
1.403607e-07 
1.400410e-07 
1.397224e-07 
1.394050e-07 
1.390886e-07 
1.387732e-07 
1.384590e-07 
1.381458e-07 
1.378337e-07 
1.375226e-07 
1.372126e-07 
1.369036e-07 
1.365957e-07 
1.362888e-07 
1.359829e-07 
1.356781e-07 
1.353743e-07 
1.350715e-07 
1.347697e-07 
1.344690e-07 
1.341692e-07 
1.338705e-07 
1.335727e-07 
1.332760e-07 
1.329802e-07 
1.326854e-07 
1.323916e-07 
1.320987e-07 
1.318069e-07 
1.315160e-07 
1.312260e-07 
1.309371e-07 
1.306490e-07 
1.303620e-07 
1.300758e-07 
1.297906e-07 
1.295064e-07 
1.292231e-07 
1.289407e-07 
1.286592e-07 
1.283787e-07 
1.280990e-07 
1.278203e-07 
1.275425e-07 
1.272656e-07 
1.269896e-07 
1.267145e-07 
1.264403e-07 
1.261669e-07 
1.258945e-07 
1.256229e-07 
1.253523e-07 
1.250825e-07 
1.248135e-07 
1.245455e-07 
1.242782e-07 
1.240119e-07 
1.237464e-07 
1.234818e-07 
1.232180e-07 
1.229550e-07 
1.226929e-07 
1.224316e-07 
1.221712e-07 
1.219116e-07 
1.216528e-07 
1.213949e-07 
1.211377e-07 
1.208814e-07 
1.206259e-07 
1.203712e-07 
1.201173e-07 
1.198642e-07 
1.196119e-07 
1.193604e-07 
1.191097e-07 
1.188598e-07 
1.186107e-07 
1.183623e-07 
1.181148e-07 
1.178680e-07 
1.176220e-07 
1.173767e-07 
1.171322e-07 
1.168885e-07 
1.166456e-07 
1.164034e-07 
1.161619e-07 
1.159212e-07 
1.156813e-07 
1.154421e-07 
1.152036e-07 
1.149659e-07 
1.147289e-07 
1.144926e-07 
1.142571e-07 
1.140223e-07 
1.137882e-07 
1.135549e-07 
1.133222e-07 
1.130903e-07 
1.128591e-07 
1.126286e-07 
1.123987e-07 
1.121696e-07 
1.119412e-07 
1.117135e-07 
1.114865e-07 
1.112602e-07 
1.110346e-07 
1.108096e-07 
1.105854e-07 
1.103618e-07 
1.101389e-07 
1.099167e-07 
1.096951e-07 
1.094742e-07 
1.092540e-07 
1.090344e-07 
1.088155e-07 
1.085973e-07 
1.083797e-07 
1.081628e-07 
1.079465e-07 
1.077309e-07 
1.075159e-07 
1.073016e-07 
1.070879e-07 
1.068748e-07 
1.066624e-07 
1.064506e-07 
1.062394e-07 
1.060289e-07 
1.058190e-07 
1.056097e-07 
1.054010e-07 
1.051930e-07 
1.049855e-07 
1.047787e-07 
1.045725e-07 
1.043669e-07 
1.041619e-07 
1.039575e-07 
1.037537e-07 
1.035505e-07 
1.033479e-07 
1.031459e-07 
1.029445e-07 
1.027437e-07 
1.025434e-07 
1.023438e-07 
1.021447e-07 
1.019462e-07 
1.017483e-07 
1.015510e-07 
1.013542e-07 
1.011580e-07 
1.009624e-07 
1.007674e-07 
1.005729e-07 
1.003789e-07 
1.001856e-07 
9.999276e-08 
9.980051e-08 
9.960882e-08 
9.941767e-08 
9.922707e-08 
9.903702e-08 
9.884752e-08 
9.865856e-08 
9.847014e-08 
9.828226e-08 
9.809492e-08 
9.790811e-08 
9.772184e-08 
9.753610e-08 
9.735089e-08 
9.716620e-08 
9.698204e-08 
9.679840e-08 
9.661528e-08 
9.643269e-08 
9.625060e-08 
9.606904e-08 
9.588799e-08 
9.570745e-08 
9.552742e-08 
9.534789e-08 
9.516887e-08 
9.499036e-08 
9.481235e-08 
9.463484e-08 
9.445782e-08 
9.428130e-08 
9.410528e-08 
9.392975e-08 
9.375471e-08 
9.358016e-08 
9.340609e-08 
9.323251e-08 
9.305942e-08 
9.288680e-08 
9.271467e-08 
9.254301e-08 
9.237183e-08 
9.220113e-08 
9.203089e-08 
9.186113e-08 
9.169184e-08 
9.152302e-08 
9.135466e-08 
9.118676e-08 
9.101933e-08 
9.085236e-08 
9.068585e-08 
9.051979e-08 
9.035419e-08 
9.018905e-08 
9.002435e-08 
8.986011e-08 
8.969632e-08 
8.953297e-08 
8.937007e-08 
8.920762e-08 
8.904561e-08 
8.888403e-08 
8.872290e-08 
8.856221e-08 
8.840195e-08 
8.824213e-08 
8.808273e-08 
8.792378e-08 
8.776525e-08 
8.760715e-08 
8.744947e-08 
8.729222e-08 
8.713540e-08 
8.697900e-08 
8.682301e-08 
8.666745e-08 
8.651231e-08 
8.635758e-08 
8.620326e-08 
8.604936e-08 
8.589587e-08 
8.574280e-08 
8.559013e-08 
8.543786e-08 
8.528601e-08 
8.513456e-08 
8.498351e-08 
8.483286e-08 
8.468261e-08 
8.453277e-08 
8.438332e-08 
8.423426e-08 
8.408560e-08 
8.393734e-08 
8.378946e-08 
8.364198e-08 
8.349488e-08 
8.334817e-08 
8.320185e-08 
8.305592e-08 
8.291036e-08 
8.276519e-08 
8.262040e-08 
8.247599e-08 
8.233196e-08 
8.218831e-08 
8.204503e-08 
8.190212e-08 
8.175959e-08 
8.161743e-08 
8.147564e-08 
8.133422e-08 
8.119317e-08 
8.105248e-08 
8.091216e-08 
8.077221e-08 
8.063261e-08 
8.049338e-08 
8.035451e-08 
8.021600e-08 
8.007784e-08 
7.994004e-08 
7.980260e-08 
7.966551e-08 
7.952878e-08 
7.939239e-08 
7.925636e-08 
7.912068e-08 
7.898534e-08 
7.885035e-08 
7.871571e-08 
7.858141e-08 
7.844746e-08 
7.831384e-08 
7.818057e-08 
7.804764e-08 
7.791505e-08 
7.778279e-08 
7.765087e-08 
7.751929e-08 
7.738804e-08 
7.725713e-08 
7.712654e-08 
7.699629e-08 
7.686637e-08 
7.673677e-08 
7.660750e-08 
7.647856e-08 
7.634995e-08 
7.622165e-08 
7.609369e-08 
7.596604e-08 
7.583871e-08 
7.571171e-08 
7.558502e-08 
7.545865e-08 
7.533260e-08 
7.520686e-08 
7.508144e-08 
7.495633e-08 
7.483153e-08 
7.470705e-08 
7.458287e-08 
7.445901e-08 
7.433545e-08 
7.421220e-08 
7.408926e-08 
7.396662e-08 
7.384429e-08 
7.372226e-08 
7.360053e-08 
7.347910e-08 
7.335798e-08 
7.323715e-08 
7.311662e-08 
7.299639e-08 
7.287645e-08 
7.275681e-08 
7.263747e-08 
7.251841e-08 
7.239965e-08 
7.228119e-08 
7.216301e-08 
7.204512e-08 
7.192752e-08 
7.181021e-08 
7.169318e-08 
7.157644e-08 
7.145999e-08 
7.134382e-08 
7.122793e-08 
7.111233e-08 
7.099700e-08 
7.088196e-08 
7.076720e-08 
7.065271e-08 
7.053850e-08 
7.042457e-08 
7.031092e-08 
7.019754e-08 
7.008443e-08 
6.997160e-08 
6.985903e-08 
6.974675e-08 
6.963473e-08 
6.952298e-08 
6.941150e-08 
6.930028e-08 
6.918934e-08 
6.907866e-08 
6.896825e-08 
6.885810e-08 
6.874821e-08 
6.863859e-08 
6.852923e-08 
6.842013e-08 
6.831129e-08 
6.820271e-08 
6.809439e-08 
6.798632e-08 
6.787852e-08 
6.777097e-08 
6.766367e-08 
6.755663e-08 
6.744985e-08 
6.734331e-08 
6.723703e-08 
6.713100e-08 
6.702522e-08 
6.691969e-08 
6.681441e-08 
6.670938e-08 
6.660460e-08 
6.650006e-08 
6.639577e-08 
6.629172e-08 
6.618792e-08 
6.608436e-08 
6.598104e-08 
6.587797e-08 
6.577514e-08 
6.567255e-08 
6.557019e-08 
6.546808e-08 
6.536621e-08 
6.526457e-08 
6.516317e-08 
6.506201e-08 
6.496108e-08 
6.486038e-08 
6.475992e-08 
6.465970e-08 
6.455970e-08 
6.445994e-08 
6.436041e-08 
6.426111e-08 
6.416204e-08 
6.406320e-08 
6.396458e-08 
6.386620e-08 
6.376804e-08 
6.367010e-08 
6.357240e-08 
6.347491e-08 
6.337765e-08 
6.328062e-08 
6.318380e-08 
6.308721e-08 
6.299084e-08 
6.289469e-08 
6.279877e-08 
6.270306e-08 
6.260756e-08 
6.251229e-08 
6.241724e-08 
6.232240e-08 
6.222777e-08 
6.213337e-08 
6.203917e-08 
6.194519e-08 
6.185143e-08 
6.175787e-08 
6.166453e-08 
6.157140e-08 
6.147849e-08 
6.138578e-08 
6.129328e-08 
6.120099e-08 
6.110891e-08 
6.101703e-08 
6.092537e-08 
6.083391e-08 
6.074265e-08 
6.065160e-08 
6.056076e-08 
6.047012e-08 
6.037968e-08 
6.028944e-08 
6.019941e-08 
6.010958e-08 
6.001995e-08 
5.993052e-08 
5.984129e-08 
5.975226e-08 
5.966343e-08 
5.957479e-08 
5.948635e-08 
5.939811e-08 
5.931007e-08 
5.922222e-08 
5.913457e-08 
5.904711e-08 
5.895984e-08 
5.887277e-08 
5.878589e-08 
5.869921e-08 
5.861271e-08 
5.852641e-08 
5.844029e-08 
5.835437e-08 
5.826863e-08 
5.818309e-08 
5.809773e-08 
5.801256e-08 
5.792758e-08 
5.784278e-08 
5.775817e-08 
5.767375e-08 
5.758951e-08 
5.750546e-08 
5.742158e-08 
5.733790e-08 
5.725439e-08 
5.717107e-08 
5.708793e-08 
5.700497e-08 
5.692219e-08 
5.683959e-08 
5.675717e-08 
5.667493e-08 
5.659287e-08 
5.651099e-08 
5.642928e-08 
5.634775e-08 
5.626640e-08 
5.618523e-08 
5.610423e-08 
5.602340e-08 
5.594275e-08 
5.586227e-08 
5.578197e-08 
5.570184e-08 
5.562188e-08 
5.554210e-08 
5.546248e-08 
5.538304e-08 
5.530377e-08 
5.522467e-08 
5.514573e-08 
5.506697e-08 
5.498838e-08 
5.490995e-08 
5.483169e-08 
5.475360e-08 
5.467567e-08 
5.459791e-08 
5.452032e-08 
5.444289e-08 
5.436562e-08 
5.428853e-08 
5.421159e-08 
5.413482e-08 
5.405821e-08 
5.398176e-08 
5.390548e-08 
5.382936e-08 
5.375339e-08 
5.367759e-08 
5.360195e-08 
5.352647e-08 
5.345115e-08 
5.337599e-08 
5.330098e-08 
5.322614e-08 
5.315145e-08 
5.307692e-08 
5.300254e-08 
5.292832e-08 
5.285426e-08 
5.278035e-08 
5.270660e-08 
5.263300e-08 
5.255956e-08 
5.248627e-08 
5.241313e-08 
5.234014e-08 
5.226731e-08 
5.219463e-08 
5.212210e-08 
5.204972e-08 
5.197750e-08 
5.190542e-08 
5.183349e-08 
5.176172e-08 
5.169009e-08 
5.161861e-08 
5.154727e-08 
5.147609e-08 
5.140505e-08 
5.133416e-08 
5.126342e-08 
5.119282e-08 
5.112237e-08 
5.105207e-08 
5.098191e-08 
5.091189e-08 
5.084202e-08 
5.077229e-08 
5.070270e-08 
5.063326e-08 
5.056396e-08 
5.049480e-08 
5.042579e-08 
5.035691e-08 
5.028818e-08 
5.021959e-08 
5.015113e-08 
5.008282e-08 
5.001465e-08 
4.994661e-08 
4.987872e-08 
4.981096e-08 
4.974334e-08 
4.967586e-08 
4.960852e-08 
4.954131e-08 
4.947424e-08 
4.940730e-08 
4.934051e-08 
4.927384e-08 
4.920731e-08 
4.914092e-08 
4.907466e-08 
4.900853e-08 
4.894254e-08 
4.887668e-08 
4.881096e-08 
4.874536e-08 
4.867990e-08 
4.861457e-08 
4.854937e-08 
4.848431e-08 
4.841937e-08 
4.835456e-08 
4.828989e-08 
4.822534e-08 
4.816092e-08 
4.809664e-08 
4.803248e-08 
4.796845e-08 
6.312048e-05 
4.449927e-05 
3.234474e-05 
2.412132e-05 
1.838635e-05 
1.428166e-05 
1.244796e-04 
1.026135e-04 
8.536455e-05 
7.152102e-05 
6.025530e-05 
5.099530e-05 
4.335474e-05 
3.703165e-05 
3.178074e-05 
2.740371e-05 
2.374055e-05 
2.066225e-05 
1.806465e-05 
1.586356e-05 
1.399072e-05 
1.239025e-05 
1.101534e-05 
9.828097e-06 
8.797988e-06 
7.900233e-06 
7.114572e-06 
6.424343e-06 
5.815750e-06 
5.277312e-06 
4.799417e-06 
4.374005e-06 
3.994357e-06 
3.654748e-06 
3.350263e-06 
3.076671e-06 
2.830320e-06 
2.608045e-06 
2.407100e-06 
2.225094e-06 
2.059940e-06 
1.909811e-06 
1.773096e-06 
1.648382e-06 
1.534425e-06 
1.430130e-06 
1.334531e-06 
1.246771e-06 
1.166091e-06 
1.091818e-06 
1.023349e-06 
9.601513e-07 
9.017438e-07 
8.476979e-07 
7.976288e-07 
7.511912e-07 
7.080738e-07 
6.679963e-07 
6.307055e-07 
5.959723e-07 
5.635896e-07 
5.333692e-07 
5.051407e-07 
4.787487e-07 
4.540519e-07 
4.309218e-07 
4.092406e-07 
3.889011e-07 
3.698051e-07 
3.518627e-07 
3.349913e-07 
3.191148e-07 
3.041645e-07 
2.900765e-07 
2.767921e-07 
2.642572e-07 
2.524218e-07 
2.412398e-07 
2.306686e-07 
2.206686e-07 
2.112035e-07 
2.022394e-07 
1.937448e-07 
1.856909e-07 
1.780504e-07 
1.707983e-07 
1.639113e-07 
1.573675e-07 
1.511467e-07 
1.452302e-07 
1.396001e-07 
1.342403e-07 
1.291353e-07 
1.242706e-07 
1.196328e-07 
1.152094e-07 
1.109885e-07 
1.069592e-07 
1.031112e-07 
9.943466e-08 
9.592064e-08 
9.256057e-08 
8.934644e-08 
8.627072e-08 
8.332633e-08 
8.050660e-08 
7.780527e-08 
7.521643e-08 
7.273451e-08 
7.035426e-08 
6.807075e-08 
6.587928e-08 
6.377546e-08 
6.175512e-08 
5.981432e-08 
5.794934e-08 
5.615665e-08 
5.443294e-08 
5.277503e-08 
5.117994e-08 
4.964485e-08 
4.816707e-08 
4.674405e-08 
4.537339e-08 
4.405278e-08 
4.278006e-08 
4.155316e-08 
4.037013e-08 
3.922908e-08 
3.812825e-08 
3.706596e-08 
3.604060e-08 
3.505063e-08 
3.409461e-08 
3.317115e-08 
3.227894e-08 
3.141670e-08 
3.058325e-08 
2.977744e-08 
2.899818e-08 
2.824443e-08 
2.751517e-08 
2.680948e-08 
2.612645e-08 
2.546521e-08 
2.482494e-08 
2.420484e-08 
2.360417e-08 
2.302218e-08 
2.245820e-08 
2.191156e-08 
2.138162e-08 
2.086778e-08 
2.036946e-08 
1.988608e-08 
1.941714e-08 
1.896210e-08 
1.852047e-08 
1.809180e-08 
1.767562e-08 
1.727149e-08 
1.687901e-08 
1.649778e-08 
1.612740e-08 
1.576752e-08 
1.541777e-08 
1.507782e-08 
1.474734e-08 
1.442601e-08 
1.411353e-08 
1.380962e-08 
1.351398e-08 
1.322636e-08 
1.294649e-08 
1.267412e-08 
1.240902e-08 
1.215095e-08 
1.189969e-08 
1.165502e-08 
1.141674e-08 
1.118465e-08 
1.095856e-08 
1.073828e-08 
1.052363e-08 
1.031444e-08 
1.011055e-08 
9.911796e-09 
9.718021e-09 
9.529077e-09 
9.344820e-09 
9.165111e-09 
8.989832e-09 
8.818836e-09 
8.651999e-09 
8.489199e-09 
8.330319e-09 
8.175246e-09 
8.023871e-09 
7.876088e-09 
7.731796e-09 
7.590894e-09 
7.453289e-09 
7.318887e-09 
7.187599e-09 
7.059339e-09 
6.934023e-09 
6.811569e-09 
6.691900e-09 
6.574939e-09 
6.460614e-09 
6.348851e-09 
6.239584e-09 
6.132745e-09 
6.028269e-09 
5.926093e-09 
5.826157e-09 
5.728401e-09 
5.632769e-09 
5.539205e-09 
5.447656e-09 
5.358068e-09 
5.270393e-09 
5.184580e-09 
5.100583e-09 
5.018354e-09 
4.937850e-09 
4.859026e-09 
4.781841e-09 
4.706254e-09 
4.632224e-09 
4.559714e-09 
4.488685e-09 
4.419102e-09 
4.350928e-09 
4.284130e-09 
4.218674e-09 
4.154527e-09 
4.091658e-09 
4.030037e-09 
3.969633e-09 
3.910418e-09 
3.852363e-09 
3.795442e-09 
3.739626e-09 
3.684891e-09 
3.631211e-09 
3.578561e-09 
3.526919e-09 
3.476259e-09 
3.426561e-09 
3.377802e-09 
3.329960e-09 
3.283015e-09 
3.236946e-09 
3.191734e-09 
3.147359e-09 
3.103803e-09 
3.061048e-09 
3.019075e-09 
2.977867e-09 
2.937408e-09 
2.897680e-09 
2.858669e-09 
2.820358e-09 
2.782732e-09 
2.745777e-09 
2.709477e-09 
2.673819e-09 
2.638789e-09 
2.604374e-09 
2.570561e-09 
2.537336e-09 
2.504688e-09 
2.472604e-09 
2.441073e-09 
2.410082e-09 
2.379622e-09 
2.349680e-09 
2.320246e-09 
2.291309e-09 
2.262860e-09 
2.234888e-09 
2.207384e-09 
2.180339e-09 
2.153742e-09 
2.127585e-09 
2.101859e-09 
2.076555e-09 
2.051665e-09 
2.027181e-09 
2.003095e-09 
1.979392e-09 
1.956071e-09 
1.933125e-09 
1.910547e-09 
1.888328e-09 
1.866464e-09 
1.844945e-09 
1.823767e-09 
1.802922e-09 
1.782404e-09 
1.762206e-09 
1.742323e-09 
1.722749e-09 
1.703477e-09 
1.684503e-09 
1.665820e-09 
1.647423e-09 
1.629306e-09 
1.611465e-09 
1.593894e-09 
1.576589e-09 
1.559544e-09 
1.542754e-09 
1.526216e-09 
1.509923e-09 
1.493873e-09 
1.478060e-09 
1.462481e-09 
1.447130e-09 
1.432004e-09 
1.417099e-09 
1.402411e-09 
1.387936e-09 
1.373670e-09 
1.359609e-09 
1.345751e-09 
1.332090e-09 
1.318625e-09 
1.305351e-09 
1.292265e-09 
1.279364e-09 
1.266645e-09 
1.254104e-09 
1.241738e-09 
1.229545e-09 
1.217522e-09 
1.205665e-09 
1.193971e-09 
1.182439e-09 
1.171064e-09 
1.159846e-09 
1.148780e-09 
1.137864e-09 
1.127097e-09 
1.116474e-09 
1.105995e-09 
1.095656e-09 
1.085456e-09 
1.075391e-09 
1.065461e-09 
1.055661e-09 
1.045992e-09 
1.036449e-09 
1.027032e-09 
1.017738e-09 
1.008565e-09 
9.995110e-10 
9.905747e-10 
9.817538e-10 
9.730465e-10 
9.644510e-10 
9.559655e-10 
9.475883e-10 
9.393176e-10 
9.311518e-10 
9.230893e-10 
9.151284e-10 
9.072675e-10 
8.995051e-10 
8.918396e-10 
8.842696e-10 
8.767936e-10 
8.694100e-10 
8.621176e-10 
8.549148e-10 
8.478004e-10 
8.407730e-10 
8.338312e-10 
8.269738e-10 
8.201995e-10 
8.135070e-10 
8.068951e-10 
8.003626e-10 
7.939083e-10 
7.875311e-10 
7.812297e-10 
7.750031e-10 
7.688502e-10 
7.627699e-10 
7.567610e-10 
7.508248e-10 
7.449580e-10 
7.391595e-10 
7.334284e-10 
7.277637e-10 
7.221644e-10 
7.166296e-10 
7.111584e-10 
7.057498e-10 
7.004030e-10 
6.951170e-10 
6.898911e-10 
6.847243e-10 
6.796158e-10 
6.745648e-10 
6.695704e-10 
6.646320e-10 
6.597486e-10 
6.549196e-10 
6.501441e-10 
6.454215e-10 
6.407509e-10 
6.361317e-10 
6.315632e-10 
6.270446e-10 
6.225753e-10 
6.181546e-10 
6.137819e-10 
6.094564e-10 
6.051775e-10 
6.009447e-10 
5.967572e-10 
5.926145e-10 
5.885159e-10 
5.844610e-10 
5.804490e-10 
5.764794e-10 
5.725517e-10 
5.686653e-10 
5.648196e-10 
5.610141e-10 
5.572483e-10 
5.535216e-10 
5.498336e-10 
5.461837e-10 
5.425714e-10 
5.389963e-10 
5.354578e-10 
5.319555e-10 
5.284889e-10 
5.250576e-10 
5.216610e-10 
5.182988e-10 
5.149705e-10 
5.116757e-10 
5.084139e-10 
5.051848e-10 
5.019879e-10 
4.988227e-10 
4.956890e-10 
4.925863e-10 
4.895142e-10 
4.864723e-10 
4.834603e-10 
4.804778e-10 
4.775243e-10 
4.745996e-10 
4.717034e-10 
4.688351e-10 
4.659946e-10 
4.631814e-10 
4.603952e-10 
4.576357e-10 
4.549026e-10 
4.521955e-10 
4.495141e-10 
4.468581e-10 
4.442273e-10 
4.416212e-10 
4.390396e-10 
4.364823e-10 
4.339488e-10 
4.314390e-10 
4.289525e-10 
4.264891e-10 
4.240485e-10 
4.216304e-10 
4.192346e-10 
4.168607e-10 
4.145086e-10 
4.121780e-10 
4.098686e-10 
4.075801e-10 
4.053124e-10 
4.030652e-10 
4.008382e-10 
3.986313e-10 
3.964441e-10 
3.942765e-10 
3.921282e-10 
3.899986e-10 
3.878878e-10 
3.857958e-10 
3.837222e-10 
3.816668e-10 
3.796295e-10 
3.776101e-10 
3.756083e-10 
3.736239e-10 
3.716568e-10 
3.697067e-10 
3.677735e-10 
3.658570e-10 
3.639570e-10 
3.620733e-10 
3.602057e-10 
3.583540e-10 
3.565181e-10 
3.546978e-10 
3.528929e-10 
3.511033e-10 
3.493287e-10 
3.475691e-10 
3.458242e-10 
3.440939e-10 
3.423781e-10 
3.406765e-10 
3.389891e-10 
3.373156e-10 
3.356560e-10 
3.340100e-10 
3.323775e-10 
3.307585e-10 
3.291526e-10 
3.275599e-10 
3.259801e-10 
3.244131e-10 
3.228589e-10 
3.213171e-10 
3.197878e-10 
3.182708e-10 
3.167659e-10 
3.152730e-10 
3.137921e-10 
3.123229e-10 
3.108654e-10 
3.094194e-10 
3.079848e-10 
3.065616e-10 
3.051495e-10 
3.037484e-10 
3.023583e-10 
3.009791e-10 
2.996106e-10 
2.982527e-10 
2.969053e-10 
2.955683e-10 
2.942415e-10 
2.929250e-10 
2.916186e-10 
2.903222e-10 
2.890356e-10 
2.877588e-10 
2.864917e-10 
2.852342e-10 
2.839862e-10 
2.827476e-10 
2.815183e-10 
2.802982e-10 
2.790872e-10 
2.778853e-10 
2.766923e-10 
2.755081e-10 
2.743327e-10 
2.731660e-10 
2.720079e-10 
2.708583e-10 
2.697172e-10 
2.685843e-10 
2.674598e-10 
2.663434e-10 
2.652351e-10 
2.641349e-10 
2.630426e-10 
2.619581e-10 
2.608815e-10 
2.598126e-10 
2.587514e-10 
2.576977e-10 
2.566515e-10 
2.556127e-10 
2.545814e-10 
2.535573e-10 
2.525404e-10 
2.515307e-10 
2.505280e-10 
2.495324e-10 
2.485438e-10 
2.475620e-10 
2.465871e-10 
2.456190e-10 
2.446576e-10 
2.437028e-10 
2.427547e-10 
2.418130e-10 
2.408778e-10 
2.399490e-10 
2.390265e-10 
2.381103e-10 
2.372003e-10 
2.362965e-10 
2.353988e-10 
2.345071e-10 
2.336214e-10 
2.327417e-10 
2.318679e-10 
2.309998e-10 
2.301376e-10 
2.292811e-10 
2.284303e-10 
2.275851e-10 
2.267455e-10 
2.259114e-10 
2.250828e-10 
2.242596e-10 
2.234419e-10 
2.226294e-10 
2.218222e-10 
2.210203e-10 
2.202236e-10 
2.194320e-10 
2.186455e-10 
2.178641e-10 
2.170876e-10 
2.163162e-10 
2.155497e-10 
2.147881e-10 
2.140313e-10 
2.132793e-10 
2.125321e-10 
2.117896e-10 
2.110517e-10 
2.103186e-10 
2.095900e-10 
2.088659e-10 
2.081464e-10 
2.074314e-10 
2.067208e-10 
2.060146e-10 
2.053128e-10 
2.046153e-10 
2.039222e-10 
2.032332e-10 
2.025485e-10 
2.018680e-10 
2.011917e-10 
2.005194e-10 
1.998512e-10 
1.991871e-10 
1.985270e-10 
1.978709e-10 
1.972188e-10 
1.965705e-10 
1.959262e-10 
1.952857e-10 
1.946490e-10 
1.940161e-10 
1.933869e-10 
1.927615e-10 
1.921398e-10 
1.915218e-10 
1.909074e-10 
1.902966e-10 
1.896894e-10 
1.890857e-10 
1.884856e-10 
1.878889e-10 
1.872957e-10 
1.867060e-10 
1.861196e-10 
1.855367e-10 
1.849571e-10 
1.843808e-10 
1.838079e-10 
1.832382e-10 
1.826717e-10 
1.821085e-10 
1.815485e-10 
1.809917e-10 
1.804380e-10 
1.798874e-10 
1.793400e-10 
1.787956e-10 
1.782543e-10 
1.777160e-10 
1.771807e-10 
1.766483e-10 
1.761190e-10 
1.755926e-10 
1.750691e-10 
1.745484e-10 
1.740307e-10 
1.735158e-10 
1.730037e-10 
1.724944e-10 
1.719880e-10 
1.714842e-10 
1.709832e-10 
1.704850e-10 
1.699894e-10 
1.694965e-10 
1.690063e-10 
1.685187e-10 
1.680337e-10 
1.675513e-10 
1.670715e-10 
1.665942e-10 
1.661195e-10 
1.656474e-10 
1.651777e-10 
1.647105e-10 
1.642458e-10 
1.637835e-10 
1.633236e-10 
1.628662e-10 
1.624111e-10 
1.619585e-10 
1.615082e-10 
1.610602e-10 
1.606145e-10 
1.601712e-10 
1.597302e-10 
1.592914e-10 
1.588549e-10 
1.584206e-10 
1.579886e-10 
1.575587e-10 
1.571311e-10 
1.567056e-10 
1.562823e-10 
1.558612e-10 
1.554421e-10 
1.550252e-10 
1.546104e-10 
1.541977e-10 
1.537870e-10 
1.533784e-10 
1.529719e-10 
1.525674e-10 
1.521649e-10 
1.517643e-10 
1.513658e-10 
1.509693e-10 
1.505747e-10 
1.501820e-10 
1.497913e-10 
1.494025e-10 
1.490156e-10 
1.486305e-10 
1.482474e-10 
1.478661e-10 
1.474867e-10 
1.471091e-10 
1.467334e-10 
1.463594e-10 
1.459873e-10 
1.456169e-10 
1.452483e-10 
1.448815e-10 
1.445164e-10 
1.441531e-10 
1.437915e-10 
1.434316e-10 
1.430735e-10 
1.427170e-10 
1.423622e-10 
1.420091e-10 
1.416576e-10 
1.413078e-10 
1.409596e-10 
1.406130e-10 
1.402681e-10 
1.399248e-10 
1.395830e-10 
1.392429e-10 
1.389043e-10 
1.385673e-10 
1.382318e-10 
1.378979e-10 
1.375655e-10 
1.372346e-10 
1.369053e-10 
1.365774e-10 
1.362511e-10 
1.359262e-10 
1.356028e-10 
1.352808e-10 
1.349603e-10 
1.346413e-10 
1.343237e-10 
1.340075e-10 
1.336927e-10 
1.333793e-10 
1.330673e-10 
1.327566e-10 
1.324474e-10 
1.321396e-10 
1.318331e-10 
1.315279e-10 
1.312241e-10 
1.309217e-10 
1.306206e-10 
1.303208e-10 
1.300223e-10 
1.297251e-10 
1.294292e-10 
1.291346e-10 
1.288413e-10 
1.285492e-10 
1.282584e-10 
1.279689e-10 
1.276806e-10 
1.273936e-10 
1.271078e-10 
1.268232e-10 
1.265398e-10 
1.262576e-10 
1.259767e-10 
1.256969e-10 
1.254183e-10 
1.251409e-10 
1.248647e-10 
1.245897e-10 
1.243158e-10 
1.240430e-10 
1.237714e-10 
1.235010e-10 
1.232316e-10 
1.229634e-10 
1.226963e-10 
1.224303e-10 
1.221655e-10 
1.219017e-10 
1.216390e-10 
1.213774e-10 
1.211168e-10 
1.208574e-10 
1.205990e-10 
1.203416e-10 
1.200854e-10 
1.198301e-10 
1.195759e-10 
1.193227e-10 
1.190706e-10 
1.188195e-10 
1.185694e-10 
1.183203e-10 
1.180722e-10 
1.178251e-10 
1.175790e-10 
1.173338e-10 
1.170897e-10 
1.168465e-10 
1.166043e-10 
1.163631e-10 
1.161228e-10 
1.158835e-10 
1.156451e-10 
1.154077e-10 
1.151711e-10 
1.149356e-10 
1.147009e-10 
1.144672e-10 
1.142344e-10 
1.140024e-10 
1.137714e-10 
1.135413e-10 
1.133121e-10 
1.130838e-10 
1.128563e-10 
1.126298e-10 
1.124041e-10 
1.121792e-10 
1.119553e-10 
1.117322e-10 
1.115099e-10 
1.112885e-10 
1.110679e-10 
1.108482e-10 
1.106293e-10 
1.104113e-10 
1.101940e-10 
1.099776e-10 
1.097620e-10 
1.095472e-10 
1.093333e-10 
1.091201e-10 
1.089077e-10 
1.086961e-10 
1.084853e-10 
1.082753e-10 
1.080661e-10 
1.078576e-10 
1.076499e-10 
1.074430e-10 
1.072369e-10 
1.070315e-10 
1.068269e-10 
1.066230e-10 
1.064198e-10 
1.062174e-10 
1.060158e-10 
1.058149e-10 
1.056147e-10 
1.054152e-10 
1.052165e-10 
1.050185e-10 
1.048212e-10 
1.046246e-10 
1.044287e-10 
1.042335e-10 
1.040390e-10 
1.038453e-10 
1.036522e-10 
1.034598e-10 
1.032681e-10 
1.030770e-10 
1.028867e-10 
1.026970e-10 
1.025080e-10 
1.023197e-10 
1.021320e-10 
1.019450e-10 
1.017586e-10 
1.015729e-10 
1.013879e-10 
1.012035e-10 
1.010197e-10 
1.008366e-10 
1.006541e-10 
1.004723e-10 
1.002911e-10 
1.001105e-10 
9.993053e-11 
9.975119e-11 
9.957246e-11 
9.939436e-11 
9.921686e-11 
9.903997e-11 
9.886369e-11 
9.868801e-11 
9.851292e-11 
9.833844e-11 
9.816455e-11 
9.799124e-11 
9.781853e-11 
9.764640e-11 
9.747485e-11 
9.730388e-11 
9.713348e-11 
9.696366e-11 
9.679440e-11 
9.662572e-11 
9.645759e-11 
9.629003e-11 
9.612303e-11 
9.595658e-11 
9.579069e-11 
9.562534e-11 
9.546054e-11 
9.529629e-11 
9.513258e-11 
9.496941e-11 
9.480678e-11 
9.464468e-11 
9.448311e-11 
9.432207e-11 
9.416155e-11 
9.400156e-11 
9.384209e-11 
9.368314e-11 
9.352471e-11 
9.336679e-11 
9.320938e-11 
9.305248e-11 
9.289608e-11 
9.274019e-11 
9.258480e-11 
9.242991e-11 
9.227552e-11 
9.212162e-11 
9.196821e-11 
9.181529e-11 
9.166286e-11 
9.151091e-11 
9.135945e-11 
9.120846e-11 
9.105795e-11 
9.090792e-11 
9.075836e-11 
9.060929e-11 
9.046069e-11 
9.031256e-11 
9.016489e-11 
9.001768e-11 
8.987093e-11 
8.972464e-11 
8.957881e-11 
8.943343e-11 
8.928850e-11 
8.914402e-11 
8.899998e-11 
8.885640e-11 
8.871325e-11 
8.857055e-11 
8.842828e-11 
8.828646e-11 
8.814506e-11 
8.800410e-11 
8.786358e-11 
8.772348e-11 
8.758380e-11 
8.744456e-11 
8.730573e-11 
8.716733e-11 
8.702935e-11 
8.689178e-11 
8.675463e-11 
8.661789e-11 
8.648157e-11 
8.634565e-11 
8.621014e-11 
8.607504e-11 
8.594035e-11 
8.580605e-11 
8.567216e-11 
8.553866e-11 
8.540557e-11 
8.527286e-11 
8.514056e-11 
8.500864e-11 
8.487711e-11 
8.474597e-11 
8.461522e-11 
8.448486e-11 
8.435487e-11 
8.422527e-11 
8.409605e-11 
8.396720e-11 
8.383874e-11 
8.371064e-11 
8.358293e-11 
8.345558e-11 
8.332860e-11 
8.320199e-11 
8.307575e-11 
8.294987e-11 
8.282435e-11 
8.269920e-11 
8.257441e-11 
8.244998e-11 
8.232590e-11 
8.220218e-11 
8.207881e-11 
8.195580e-11 
8.183314e-11 
8.171083e-11 
8.158886e-11 
8.146724e-11 
8.134597e-11 
8.122504e-11 
8.110445e-11 
8.098421e-11 
8.086430e-11 
8.074473e-11 
8.062550e-11 
8.050660e-11 
8.038803e-11 
8.026980e-11 
8.015190e-11 
8.003433e-11 
7.991708e-11 
7.980016e-11 
7.968357e-11 
7.956730e-11 
7.945135e-11 
7.933573e-11 
7.922042e-11 
7.910544e-11 
7.899076e-11 
7.887641e-11 
7.876237e-11 
7.864864e-11 
7.853523e-11 
7.842212e-11 
7.830933e-11 
7.819684e-11 
7.808466e-11 
7.797278e-11 
7.786121e-11 
7.774995e-11 
7.763898e-11 
7.752831e-11 
7.741795e-11 
7.730788e-11 
7.719811e-11 
7.708863e-11 
7.697945e-11 
7.687056e-11 
7.676196e-11 
7.665366e-11 
7.654564e-11 
7.643791e-11 
7.633047e-11 
7.622332e-11 
7.611645e-11 
7.600986e-11 
7.590356e-11 
7.579754e-11 
7.569180e-11 
7.558633e-11 
7.548115e-11 
7.537624e-11 
7.527161e-11 
7.516726e-11 
7.506318e-11 
7.495937e-11 
7.485583e-11 
7.475256e-11 
7.464957e-11 
7.454684e-11 
7.444437e-11 
7.434218e-11 
7.424025e-11 
7.413858e-11 
7.403718e-11 
7.393604e-11 
7.383516e-11 
7.373454e-11 
7.363418e-11 
7.353408e-11 
7.343423e-11 
7.333464e-11 
7.323531e-11 
7.313623e-11 
7.303740e-11 
7.293883e-11 
7.284050e-11 
7.274243e-11 
7.264460e-11 
7.254703e-11 
7.244970e-11 
7.235262e-11 
7.225578e-11 
7.215919e-11 
7.206284e-11 
7.196673e-11 
7.187086e-11 
7.177524e-11 
7.167985e-11 
7.158471e-11 
7.148980e-11 
7.139513e-11 
7.130070e-11 
7.120650e-11 
7.111253e-11 
7.101880e-11 
7.092530e-11 
7.083204e-11 
7.073900e-11 
7.064619e-11 
7.055362e-11 
7.046127e-11 
7.036915e-11 
7.027725e-11 
7.018559e-11 
7.009414e-11 
7.000292e-11 
6.991193e-11 
6.982115e-11 
6.973060e-11 
6.964027e-11 
6.955016e-11 
6.946027e-11 
6.937059e-11 
6.928114e-11 
6.919190e-11 
6.910287e-11 
6.901406e-11 
6.892547e-11 
6.883709e-11 
6.874892e-11 
6.866096e-11 
6.857322e-11 
6.848569e-11 
6.839836e-11 
6.831125e-11 
6.822434e-11 
6.813764e-11 
6.805115e-11 
6.796486e-11 
6.787878e-11 
6.779290e-11 
6.770722e-11 
6.762175e-11 
6.753648e-11 
6.745142e-11 
6.736655e-11 
6.728188e-11 
6.719742e-11 
6.711315e-11 
6.702908e-11 
6.694521e-11 
6.686153e-11 
6.677805e-11 
6.669476e-11 
6.661167e-11 
6.652877e-11 
6.644607e-11 
6.636356e-11 
6.628124e-11 
6.619911e-11 
6.611717e-11 
6.603542e-11 
6.595386e-11 
6.587249e-11 
6.579130e-11 
6.571031e-11 
6.562950e-11 
6.554887e-11 
6.546843e-11 
6.538818e-11 
6.530810e-11 
6.522822e-11 
6.514851e-11 
6.506899e-11 
6.498964e-11 
6.491048e-11 
6.483150e-11 
6.475270e-11 
6.467407e-11 
6.459563e-11 
6.451736e-11 
6.443927e-11 
6.436135e-11 
6.428361e-11 
6.420605e-11 
6.412866e-11 
6.405144e-11 
6.397440e-11 
6.389753e-11 
6.382083e-11 
6.374431e-11 
6.366795e-11 
6.359177e-11 
6.351575e-11 
6.343991e-11 
6.336423e-11 
6.328872e-11 
6.321338e-11 
6.313821e-11 
6.306320e-11 
6.298836e-11 
6.291368e-11 
6.283917e-11 
6.276482e-11 
6.269064e-11 
6.261662e-11 
6.254276e-11 
6.246906e-11 
6.239553e-11 
6.232216e-11 
6.224894e-11 
6.217589e-11 
6.210300e-11 
6.203026e-11 
6.195768e-11 
6.188526e-11 
6.181300e-11 
6.174090e-11 
6.166895e-11 
6.159715e-11 
6.152552e-11 
6.145403e-11 
6.138270e-11 
6.131153e-11 
6.124051e-11 
6.116964e-11 
6.109892e-11 
6.102835e-11 
6.095794e-11 
6.088767e-11 
6.081756e-11 
6.074760e-11 
6.067778e-11 
6.060811e-11 
6.053860e-11 
6.046923e-11 
6.040000e-11 
6.033093e-11 
6.026200e-11 
6.019321e-11 
6.012458e-11 
6.005608e-11 
5.998773e-11 
5.991953e-11 
5.985147e-11 
5.978355e-11 
5.971577e-11 
5.964814e-11 
5.958065e-11 
5.951330e-11 
5.944609e-11 
5.937902e-11 
5.931209e-11 
5.924530e-11 
5.917865e-11 
5.911214e-11 
5.904576e-11 
5.897953e-11 
5.891343e-11 
5.884747e-11 
5.878164e-11 
5.871595e-11 
5.865040e-11 
5.858498e-11 
5.851970e-11 
5.845455e-11 
5.838953e-11 
5.832465e-11 
5.825990e-11 
5.819529e-11 
5.813080e-11 
5.806645e-11 
5.800223e-11 
5.793814e-11 
5.787418e-11 
5.781035e-11 
5.774665e-11 
5.768309e-11 
5.761965e-11 
5.755633e-11 
5.749315e-11 
5.743009e-11 
5.736717e-11 
5.730437e-11 
5.724169e-11 
5.717914e-11 
5.711672e-11 
5.705442e-11 
5.699225e-11 
5.693020e-11 
5.686828e-11 
5.680648e-11 
5.674481e-11 
5.668326e-11 
5.662183e-11 
5.656052e-11 
5.649934e-11 
5.643828e-11 
5.637733e-11 
5.631651e-11 
5.625582e-11 
5.619524e-11 
5.613478e-11 
5.607444e-11 
5.601422e-11 
5.595412e-11 
5.589413e-11 
5.583427e-11 
5.577452e-11 
5.571489e-11 
5.565538e-11 
5.559598e-11 
5.553670e-11 
5.547754e-11 
5.541849e-11 
5.535956e-11 
5.530074e-11 
5.524204e-11 
5.518345e-11 
5.512498e-11 
5.506662e-11 
5.500837e-11 
5.495024e-11 
5.489222e-11 
5.483431e-11 
5.477651e-11 
5.471883e-11 
5.466125e-11 
5.460379e-11 
5.454644e-11 
5.448920e-11 
5.443207e-11 
5.437504e-11 
5.431813e-11 
5.426133e-11 
5.420463e-11 
5.414805e-11 
5.409157e-11 
5.403520e-11 
5.397894e-11 
5.392278e-11 
5.386673e-11 
5.381079e-11 
5.375496e-11 
5.369923e-11 
5.364360e-11 
5.358809e-11 
5.353267e-11 
5.347736e-11 
5.342216e-11 
5.336706e-11 
5.331206e-11 
5.325717e-11 
5.320238e-11 
5.314770e-11 
5.309312e-11 
5.303863e-11 
5.298426e-11 
5.292998e-11 
5.287580e-11 
5.282173e-11 
5.276776e-11 
5.271389e-11 
5.266011e-11 
5.260644e-11 
5.255287e-11 
5.249940e-11 
5.244603e-11 
5.239275e-11 
5.233958e-11 
5.228650e-11 
5.223352e-11 
5.218064e-11 
5.212786e-11 
5.207517e-11 
5.202258e-11 
5.197009e-11 
5.191770e-11 
5.186540e-11 
5.181320e-11 
5.176109e-11 
5.170908e-11 
5.165716e-11 
5.160534e-11 
5.155361e-11 
5.150198e-11 
5.145044e-11 
5.139900e-11 
5.134765e-11 
5.129639e-11 
5.124523e-11 
5.119416e-11 
5.114318e-11 
5.109229e-11 
5.104150e-11 
5.099080e-11 
5.094019e-11 
5.088967e-11 
5.083924e-11 
5.078890e-11 
5.073866e-11 
5.068850e-11 
5.063844e-11 
5.058846e-11 
5.053857e-11 
5.048878e-11 
5.043907e-11 
5.038945e-11 
5.033992e-11 
5.029048e-11 
5.024113e-11 
5.019186e-11 
5.014268e-11 
5.009359e-11 
5.004459e-11 
4.999567e-11 
4.994684e-11 
4.989810e-11 
4.984945e-11 
4.980088e-11 
4.975239e-11 
4.970399e-11 
4.965568e-11 
4.960745e-11 
4.955931e-11 
4.951125e-11 
4.946328e-11 
4.941539e-11 
4.936758e-11 
4.931986e-11 
4.927222e-11 
4.922467e-11 
4.917720e-11 
4.912981e-11 
4.908250e-11 
4.903528e-11 
4.898814e-11 
4.894108e-11 
