   5.06773071616e+07    5.06773071616e+09    5.06773071616e+06    9.66000000000e+00 
991 
4.205460e-03 
3.534236e-03 
3.019021e-03 
2.584880e-03 
2.232561e-03 
1.948085e-03 
1.695018e-03 
1.484463e-03 
1.302042e-03 
1.135838e-03 
9.832302e-04 
8.238082e-04 
5.607937e-04 
5.841156e-04 
6.522438e-04 
6.600415e-04 
6.479192e-04 
6.132689e-04 
6.035486e-04 
5.914651e-04 
5.679238e-04 
5.388051e-04 
5.153064e-04 
4.952076e-04 
4.716781e-04 
4.545135e-04 
4.358211e-04 
4.178803e-04 
3.995144e-04 
3.824587e-04 
3.660442e-04 
3.503009e-04 
3.356240e-04 
3.215528e-04 
3.081543e-04 
2.956159e-04 
2.838648e-04 
2.725083e-04 
2.617950e-04 
2.517204e-04 
2.422343e-04 
2.331645e-04 
2.245194e-04 
2.163467e-04 
2.086072e-04 
2.012657e-04 
1.942892e-04 
1.876460e-04 
1.813205e-04 
1.752935e-04 
1.695472e-04 
1.640654e-04 
1.588328e-04 
1.538366e-04 
1.490626e-04 
1.444973e-04 
1.401292e-04 
1.359471e-04 
1.319409e-04 
1.281011e-04 
1.244188e-04 
1.208858e-04 
1.174963e-04 
1.142552e-04 
1.111405e-04 
1.081457e-04 
1.052647e-04 
1.024918e-04 
9.982176e-05 
9.724943e-05 
9.477012e-05 
9.237942e-05 
9.007315e-05 
8.784956e-05 
8.571215e-05 
8.364722e-05 
8.165128e-05 
7.972104e-05 
7.785340e-05 
7.604544e-05 
7.429440e-05 
7.259769e-05 
7.095284e-05 
6.935754e-05 
6.780958e-05 
6.630689e-05 
6.484824e-05 
6.343161e-05 
6.205573e-05 
6.071943e-05 
5.942159e-05 
5.816115e-05 
5.693706e-05 
5.574833e-05 
5.459400e-05 
5.344938e-05 
5.231644e-05 
5.121632e-05 
5.014778e-05 
4.910965e-05 
4.810081e-05 
4.708833e-05 
4.605224e-05 
4.504528e-05 
4.406642e-05 
4.300342e-05 
4.193413e-05 
4.069738e-05 
3.924835e-05 
3.801557e-05 
3.767526e-05 
3.781355e-05 
3.780888e-05 
3.753729e-05 
3.719583e-05 
3.676256e-05 
3.633829e-05 
3.587288e-05 
3.537272e-05 
3.488370e-05 
3.440547e-05 
3.388908e-05 
3.335748e-05 
3.283799e-05 
3.229234e-05 
3.168343e-05 
3.104178e-05 
3.038910e-05 
2.990768e-05 
2.964746e-05 
2.947062e-05 
2.917660e-05 
2.885074e-05 
2.850013e-05 
2.823727e-05 
2.804158e-05 
2.782901e-05 
2.761185e-05 
2.736001e-05 
2.708944e-05 
2.682362e-05 
2.655402e-05 
2.626829e-05 
2.598773e-05 
2.571222e-05 
2.544164e-05 
2.516471e-05 
2.488793e-05 
2.461561e-05 
2.434734e-05 
2.408275e-05 
2.382147e-05 
2.356284e-05 
2.330540e-05 
2.305078e-05 
2.279902e-05 
2.255020e-05 
2.230435e-05 
2.206154e-05 
2.182215e-05 
2.158652e-05 
2.135396e-05 
2.112446e-05 
2.089800e-05 
2.067458e-05 
2.045418e-05 
2.023679e-05 
2.002267e-05 
1.981164e-05 
1.960354e-05 
1.939831e-05 
1.919593e-05 
1.899637e-05 
1.879959e-05 
1.860555e-05 
1.841422e-05 
1.822586e-05 
1.804015e-05 
1.785703e-05 
1.767645e-05 
1.749839e-05 
1.732281e-05 
1.714966e-05 
1.697891e-05 
1.681055e-05 
1.664456e-05 
1.648085e-05 
1.631939e-05 
1.616014e-05 
1.600308e-05 
1.584815e-05 
1.569534e-05 
1.554460e-05 
1.539590e-05 
1.524922e-05 
1.510453e-05 
1.496186e-05 
1.482110e-05 
1.468222e-05 
1.454520e-05 
1.440999e-05 
1.427658e-05 
1.414493e-05 
1.401501e-05 
1.388680e-05 
1.376028e-05 
1.363540e-05 
1.351217e-05 
1.339060e-05 
1.327060e-05 
1.315215e-05 
1.303523e-05 
1.291980e-05 
1.280585e-05 
1.269334e-05 
1.258227e-05 
1.247260e-05 
1.236432e-05 
1.225740e-05 
1.215182e-05 
1.204762e-05 
1.194472e-05 
1.184310e-05 
1.174274e-05 
1.164361e-05 
1.154570e-05 
1.144899e-05 
1.135346e-05 
1.125909e-05 
1.116586e-05 
1.107375e-05 
1.098273e-05 
1.089280e-05 
1.080395e-05 
1.071616e-05 
1.062940e-05 
1.054367e-05 
1.045895e-05 
1.037523e-05 
1.029248e-05 
1.021070e-05 
1.012987e-05 
1.004998e-05 
9.971007e-06 
9.892944e-06 
9.815776e-06 
9.739519e-06 
9.664137e-06 
9.589610e-06 
9.515926e-06 
9.443073e-06 
9.371039e-06 
9.299811e-06 
9.229377e-06 
9.159727e-06 
9.090849e-06 
9.022732e-06 
8.955365e-06 
8.888738e-06 
8.822839e-06 
8.757659e-06 
8.693187e-06 
8.629414e-06 
8.566329e-06 
8.503938e-06 
8.442229e-06 
8.381180e-06 
8.320781e-06 
8.261024e-06 
8.201899e-06 
8.143398e-06 
8.085512e-06 
8.028232e-06 
7.971550e-06 
7.915458e-06 
7.859948e-06 
7.805012e-06 
7.750643e-06 
7.696831e-06 
7.643571e-06 
7.590854e-06 
7.538673e-06 
7.487022e-06 
7.435893e-06 
7.385279e-06 
7.335173e-06 
7.285569e-06 
7.236460e-06 
7.187840e-06 
7.139702e-06 
7.092041e-06 
7.044849e-06 
6.998126e-06 
6.951866e-06 
6.906058e-06 
6.860697e-06 
6.815775e-06 
6.771288e-06 
6.727230e-06 
6.683596e-06 
6.640379e-06 
6.597576e-06 
6.555181e-06 
6.513188e-06 
6.471593e-06 
6.430390e-06 
6.389575e-06 
6.349144e-06 
6.309090e-06 
6.269410e-06 
6.230099e-06 
6.191152e-06 
6.152565e-06 
6.114334e-06 
6.076454e-06 
6.038922e-06 
6.001732e-06 
5.964881e-06 
5.928364e-06 
5.892179e-06 
5.856320e-06 
5.820784e-06 
5.785567e-06 
5.750665e-06 
5.716075e-06 
5.681793e-06 
5.647815e-06 
5.614138e-06 
5.580761e-06 
5.547696e-06 
5.514920e-06 
5.482432e-06 
5.450226e-06 
5.418301e-06 
5.386654e-06 
5.355280e-06 
5.324176e-06 
5.293341e-06 
5.262770e-06 
5.232460e-06 
5.202409e-06 
5.172614e-06 
5.143072e-06 
5.113779e-06 
5.084734e-06 
5.055934e-06 
5.027375e-06 
4.999055e-06 
4.970971e-06 
4.943122e-06 
4.915504e-06 
4.888114e-06 
4.860950e-06 
4.834011e-06 
4.807292e-06 
4.780793e-06 
4.754510e-06 
4.728441e-06 
4.702585e-06 
4.676937e-06 
4.651498e-06 
4.626263e-06 
4.601232e-06 
4.576401e-06 
4.551769e-06 
4.527334e-06 
4.503093e-06 
4.479045e-06 
4.455187e-06 
4.431518e-06 
4.408035e-06 
4.384737e-06 
4.361622e-06 
4.338688e-06 
4.315932e-06 
4.293354e-06 
4.270951e-06 
4.248723e-06 
4.226674e-06 
4.204795e-06 
4.183084e-06 
4.161540e-06 
4.140160e-06 
4.118944e-06 
4.097889e-06 
4.076994e-06 
4.056257e-06 
4.035676e-06 
4.015251e-06 
3.994979e-06 
3.974860e-06 
3.954890e-06 
3.935070e-06 
3.915397e-06 
3.895871e-06 
3.876488e-06 
3.857250e-06 
3.838153e-06 
3.819196e-06 
3.800378e-06 
3.781698e-06 
3.763155e-06 
3.744746e-06 
3.726472e-06 
3.708329e-06 
3.690318e-06 
3.672437e-06 
3.654685e-06 
3.637060e-06 
3.619561e-06 
3.602187e-06 
3.584937e-06 
3.567810e-06 
3.550805e-06 
3.533920e-06 
3.517154e-06 
3.500506e-06 
3.483976e-06 
3.467561e-06 
3.451261e-06 
3.435076e-06 
3.419002e-06 
3.403041e-06 
3.387191e-06 
3.371450e-06 
3.355817e-06 
3.340293e-06 
3.324875e-06 
3.309563e-06 
3.294356e-06 
3.279258e-06 
3.264267e-06 
3.249378e-06 
3.234590e-06 
3.219902e-06 
3.205314e-06 
3.190823e-06 
3.176430e-06 
3.162134e-06 
3.147933e-06 
3.133827e-06 
3.119815e-06 
3.105896e-06 
3.092069e-06 
3.078334e-06 
3.064689e-06 
3.051135e-06 
3.037669e-06 
3.024292e-06 
3.011002e-06 
2.997799e-06 
2.984683e-06 
2.971651e-06 
2.958704e-06 
2.945841e-06 
2.933061e-06 
2.920363e-06 
2.907747e-06 
2.895212e-06 
2.882758e-06 
2.870382e-06 
2.858086e-06 
2.845868e-06 
2.833728e-06 
2.821665e-06 
2.809678e-06 
2.797766e-06 
2.785930e-06 
2.774168e-06 
2.762479e-06 
2.750864e-06 
2.739322e-06 
2.727851e-06 
2.716451e-06 
2.705123e-06 
2.693864e-06 
2.682676e-06 
2.671556e-06 
2.660504e-06 
2.649521e-06 
2.638605e-06 
2.627755e-06 
2.616972e-06 
2.606255e-06 
2.595602e-06 
2.585015e-06 
2.574491e-06 
2.564031e-06 
2.553634e-06 
2.543300e-06 
2.533028e-06 
2.522820e-06 
2.512673e-06 
2.502586e-06 
2.492560e-06 
2.482593e-06 
2.472686e-06 
2.462837e-06 
2.453046e-06 
2.443313e-06 
2.433638e-06 
2.424019e-06 
2.414456e-06 
2.404950e-06 
2.395499e-06 
2.386103e-06 
2.376762e-06 
2.367475e-06 
2.358241e-06 
2.349062e-06 
2.339935e-06 
2.330860e-06 
2.321838e-06 
2.312868e-06 
2.303949e-06 
2.295081e-06 
2.286263e-06 
2.277496e-06 
2.268778e-06 
2.260110e-06 
2.251491e-06 
2.242921e-06 
2.234399e-06 
2.225925e-06 
2.217498e-06 
2.209119e-06 
2.200786e-06 
2.192501e-06 
2.184261e-06 
2.176067e-06 
2.167918e-06 
2.159815e-06 
2.151756e-06 
2.143742e-06 
2.135772e-06 
2.127846e-06 
2.119964e-06 
2.112124e-06 
2.104328e-06 
2.096574e-06 
2.088862e-06 
2.081192e-06 
2.073564e-06 
2.065977e-06 
2.058431e-06 
2.050926e-06 
2.043461e-06 
2.036036e-06 
2.028652e-06 
2.021306e-06 
2.014000e-06 
2.006733e-06 
1.999505e-06 
1.992315e-06 
1.985163e-06 
1.978049e-06 
1.970973e-06 
1.963934e-06 
1.956932e-06 
1.949967e-06 
1.943041e-06 
1.936156e-06 
1.929307e-06 
1.922493e-06 
1.915715e-06 
1.908972e-06 
1.902265e-06 
1.895591e-06 
1.888953e-06 
1.882348e-06 
1.875778e-06 
1.869241e-06 
1.862738e-06 
1.856268e-06 
1.849831e-06 
1.843427e-06 
1.837056e-06 
1.830717e-06 
1.824410e-06 
1.818135e-06 
1.811891e-06 
1.805680e-06 
1.799499e-06 
1.793349e-06 
1.787231e-06 
1.781142e-06 
1.775085e-06 
1.769057e-06 
1.763059e-06 
1.757091e-06 
1.751153e-06 
1.745244e-06 
1.739365e-06 
1.733514e-06 
1.727692e-06 
1.721898e-06 
1.716133e-06 
1.710396e-06 
1.704688e-06 
1.699007e-06 
1.693353e-06 
1.687727e-06 
1.682129e-06 
1.676557e-06 
1.671012e-06 
1.665494e-06 
1.660003e-06 
1.654538e-06 
1.649099e-06 
1.643686e-06 
1.638299e-06 
1.632937e-06 
1.627601e-06 
1.622291e-06 
1.617005e-06 
1.611745e-06 
1.606510e-06 
1.601299e-06 
1.596112e-06 
1.590950e-06 
1.585812e-06 
1.580699e-06 
1.575609e-06 
1.570543e-06 
1.565500e-06 
1.560481e-06 
1.555485e-06 
1.550512e-06 
1.545562e-06 
1.540635e-06 
1.535731e-06 
1.530849e-06 
1.525989e-06 
1.521152e-06 
1.516337e-06 
1.511544e-06 
1.506773e-06 
1.502031e-06 
1.497322e-06 
1.492635e-06 
1.487968e-06 
1.483322e-06 
1.478698e-06 
1.474094e-06 
1.469510e-06 
1.464947e-06 
1.460404e-06 
1.455882e-06 
1.451379e-06 
1.446896e-06 
1.442433e-06 
1.437989e-06 
1.433565e-06 
1.429160e-06 
1.424774e-06 
1.420407e-06 
1.416059e-06 
1.411730e-06 
1.407420e-06 
1.403128e-06 
1.398854e-06 
1.394599e-06 
1.390362e-06 
1.386143e-06 
1.381942e-06 
1.377758e-06 
1.373592e-06 
1.369444e-06 
1.365313e-06 
1.361200e-06 
1.357104e-06 
1.353024e-06 
1.348962e-06 
1.344916e-06 
1.340888e-06 
1.336875e-06 
1.332880e-06 
1.328900e-06 
1.324937e-06 
1.320991e-06 
1.317060e-06 
1.313145e-06 
1.309246e-06 
1.305363e-06 
1.301495e-06 
1.297643e-06 
1.293807e-06 
1.289986e-06 
1.286180e-06 
1.282389e-06 
1.278613e-06 
1.274852e-06 
1.271106e-06 
1.267374e-06 
1.263658e-06 
1.259956e-06 
1.256268e-06 
1.252621e-06 
1.248991e-06 
1.245375e-06 
1.241773e-06 
1.238184e-06 
1.234609e-06 
1.231047e-06 
1.227498e-06 
1.223962e-06 
1.220439e-06 
1.216930e-06 
1.213432e-06 
1.209947e-06 
1.206475e-06 
1.203015e-06 
1.199567e-06 
1.196131e-06 
1.192706e-06 
1.189294e-06 
1.185893e-06 
1.182504e-06 
1.179126e-06 
1.175759e-06 
1.172403e-06 
1.169058e-06 
1.165725e-06 
1.162402e-06 
1.159089e-06 
1.155788e-06 
1.152496e-06 
1.149215e-06 
1.145944e-06 
1.142683e-06 
1.139432e-06 
1.136191e-06 
1.132960e-06 
1.129739e-06 
1.126526e-06 
1.123324e-06 
1.120171e-06 
1.117043e-06 
1.113923e-06 
1.110811e-06 
1.107707e-06 
1.104610e-06 
1.101520e-06 
1.098436e-06 
1.095359e-06 
1.092288e-06 
1.089222e-06 
1.086162e-06 
1.083106e-06 
1.080055e-06 
1.077009e-06 
1.073966e-06 
1.070927e-06 
1.067891e-06 
1.064858e-06 
1.061828e-06 
1.058801e-06 
1.055775e-06 
1.052752e-06 
1.049730e-06 
1.046709e-06 
1.043774e-06 
1.040854e-06 
1.037932e-06 
1.035007e-06 
1.032077e-06 
1.029142e-06 
1.026200e-06 
1.023250e-06 
1.020292e-06 
1.017322e-06 
1.014342e-06 
1.011349e-06 
1.008342e-06 
1.005321e-06 
1.002283e-06 
9.992647e-07 
9.962531e-07 
9.932199e-07 
9.901626e-07 
9.870788e-07 
9.839661e-07 
9.808222e-07 
9.776446e-07 
9.744003e-07 
9.711151e-07 
9.677944e-07 
9.644222e-07 
9.609996e-07 
9.575556e-07 
9.540791e-07 
9.506148e-07 
9.471710e-07 
9.437820e-07 
9.405177e-07 
9.373712e-07 
9.342767e-07 
9.317174e-07 
9.292736e-07 
9.268391e-07 
9.244137e-07 
9.220146e-07 
9.203865e-07 
9.187874e-07 
9.172404e-07 
9.157681e-07 
9.145209e-07 
9.133514e-07 
9.122359e-07 
9.111389e-07 
9.099710e-07 
9.088076e-07 
9.076391e-07 
9.064563e-07 
9.052188e-07 
9.038320e-07 
9.024156e-07 
9.009699e-07 
8.994953e-07 
8.979921e-07 
8.964609e-07 
8.949020e-07 
8.933142e-07 
8.916997e-07 
8.900608e-07 
8.883993e-07 
8.867167e-07 
8.850147e-07 
8.832948e-07 
8.815587e-07 
8.798080e-07 
8.780441e-07 
8.762686e-07 
8.744903e-07 
8.727626e-07 
8.710266e-07 
8.692828e-07 
8.675318e-07 
8.657742e-07 
8.640104e-07 
8.622411e-07 
8.604669e-07 
8.586882e-07 
8.569056e-07 
8.551196e-07 
8.533307e-07 
8.515396e-07 
8.497466e-07 
8.479524e-07 
8.461574e-07 
8.443621e-07 
8.425670e-07 
8.408166e-07 
8.390674e-07 
8.373190e-07 
8.355716e-07 
8.338251e-07 
8.320797e-07 
8.303356e-07 
8.285928e-07 
8.268515e-07 
8.251118e-07 
8.233738e-07 
8.216377e-07 
8.199034e-07 
8.181713e-07 
8.164412e-07 
8.147134e-07 
8.129880e-07 
8.112651e-07 
8.095448e-07 
8.078271e-07 
8.061123e-07 
8.044003e-07 
8.026914e-07 
8.009855e-07 
7.992828e-07 
7.975834e-07 
7.958875e-07 
7.941950e-07 
7.925081e-07 
7.908463e-07 
7.891880e-07 
7.875333e-07 
7.858822e-07 
7.842348e-07 
7.825911e-07 
7.809510e-07 
7.793146e-07 
7.776819e-07 
7.760529e-07 
7.744277e-07 
7.728062e-07 
7.711885e-07 
7.695745e-07 
7.679644e-07 
7.663580e-07 
7.647555e-07 
7.631568e-07 
7.615620e-07 
7.599710e-07 
7.583839e-07 
7.568007e-07 
7.552214e-07 
7.536460e-07 
7.520745e-07 
7.505070e-07 
7.489434e-07 
7.473838e-07 
7.458282e-07 
7.442766e-07 
7.427289e-07 
7.411853e-07 
7.396457e-07 
7.381102e-07 
7.365786e-07 
7.350560e-07 
7.335389e-07 
7.320258e-07 
7.305168e-07 
7.290117e-07 
7.275106e-07 
7.260135e-07 
7.245204e-07 
7.230313e-07 
7.215462e-07 
7.200650e-07 
7.185878e-07 
7.171145e-07 
7.156452e-07 
7.141798e-07 
7.127184e-07 
7.112609e-07 
7.098072e-07 
7.083575e-07 
7.069118e-07 
7.054699e-07 
7.040318e-07 
7.025977e-07 
7.011675e-07 
6.997411e-07 
6.983186e-07 
6.968999e-07 
6.954851e-07 
6.940741e-07 
6.926670e-07 
6.912637e-07 
6.898642e-07 
6.884686e-07 
6.870767e-07 
6.856887e-07 
6.843044e-07 
6.829239e-07 
6.815472e-07 
6.801743e-07 
6.788052e-07 
6.774398e-07 
6.760782e-07 
6.747203e-07 
6.733661e-07 
6.720157e-07 
6.706690e-07 
6.693261e-07 
6.679901e-07 
6.666586e-07 
6.653308e-07 
6.640066e-07 
6.626861e-07 
6.613692e-07 
6.600560e-07 
6.587464e-07 
6.574404e-07 
6.561380e-07 
6.548392e-07 
6.535440e-07 
6.522524e-07 
6.509643e-07 
6.496797e-07 
6.483987e-07 
6.471212e-07 
6.458473e-07 
6.445768e-07 
6.433098e-07 
6.420464e-07 
6.407864e-07 
6.395298e-07 
6.382768e-07 
6.370271e-07 
6.357809e-07 
6.345382e-07 
6.332988e-07 
1.774076e-03 
1.335741e-03 
1.030955e-03 
8.124629e-04 
6.517375e-04 
5.308655e-04 
4.341071e-04 
3.593750e-04 
3.007655e-04 
2.541717e-04 
2.166773e-04 
1.856107e-04 
1.601612e-04 
3.901898e-04 
3.679257e-04 
3.477644e-04 
3.294532e-04 
3.127446e-04 
3.291252e-04 
2.921828e-04 
2.604417e-04 
2.326458e-04 
2.215279e-04 
1.997810e-04 
1.807866e-04 
1.709444e-04 
1.554571e-04 
1.417437e-04 
1.295608e-04 
1.187037e-04 
1.089995e-04 
1.001578e-04 
9.222270e-05 
8.508272e-05 
7.864236e-05 
7.281936e-05 
6.754268e-05 
6.275077e-05 
5.839011e-05 
5.441405e-05 
5.078177e-05 
4.741399e-05 
4.432925e-05 
4.149896e-05 
3.889790e-05 
3.650373e-05 
3.429665e-05 
3.225906e-05 
3.037530e-05 
2.863137e-05 
2.701476e-05 
2.549337e-05 
2.408070e-05 
2.276738e-05 
2.154501e-05 
2.040600e-05 
1.934351e-05 
1.835133e-05 
1.742386e-05 
1.655601e-05 
1.574316e-05 
1.498110e-05 
1.426600e-05 
1.359438e-05 
1.296303e-05 
1.236905e-05 
1.180976e-05 
1.128272e-05 
1.078567e-05 
1.031656e-05 
9.873480e-06 
9.450305e-06 
9.050234e-06 
8.671745e-06 
8.313430e-06 
7.973990e-06 
7.652223e-06 
7.347017e-06 
7.057341e-06 
6.782239e-06 
6.520825e-06 
6.272274e-06 
6.035820e-06 
5.810751e-06 
5.596403e-06 
5.392158e-06 
5.197438e-06 
5.011707e-06 
4.834461e-06 
4.665231e-06 
4.503577e-06 
4.348007e-06 
4.199302e-06 
4.057096e-06 
3.921045e-06 
3.790827e-06 
3.666137e-06 
3.546693e-06 
3.432226e-06 
3.322485e-06 
3.217234e-06 
3.116250e-06 
3.019323e-06 
2.926255e-06 
2.836861e-06 
2.750963e-06 
2.668398e-06 
2.589006e-06 
2.512641e-06 
2.439163e-06 
5.835652e-06 
5.660876e-06 
5.492729e-06 
5.330906e-06 
5.175122e-06 
5.025104e-06 
4.880595e-06 
4.741351e-06 
4.607152e-06 
4.477929e-06 
4.353301e-06 
4.233070e-06 
4.117050e-06 
4.005062e-06 
3.896937e-06 
3.792515e-06 
3.691641e-06 
3.594172e-06 
4.818800e-06 
4.702433e-06 
4.589686e-06 
4.480499e-06 
4.374708e-06 
4.272136e-06 
4.804921e-06 
4.689164e-06 
4.576969e-06 
4.468203e-06 
4.362739e-06 
4.260455e-06 
4.161235e-06 
4.064318e-06 
3.970280e-06 
3.879018e-06 
3.790434e-06 
3.704431e-06 
3.620919e-06 
3.539810e-06 
3.461021e-06 
3.384470e-06 
3.310081e-06 
3.237780e-06 
3.167495e-06 
3.099159e-06 
3.032705e-06 
2.968071e-06 
2.905197e-06 
2.844024e-06 
2.784497e-06 
2.726561e-06 
2.670166e-06 
2.615261e-06 
2.561799e-06 
2.509733e-06 
2.459020e-06 
2.409616e-06 
2.361481e-06 
2.314576e-06 
2.268861e-06 
2.224301e-06 
2.180859e-06 
2.138503e-06 
2.097198e-06 
2.056914e-06 
2.017619e-06 
1.979285e-06 
1.941882e-06 
1.905383e-06 
1.869762e-06 
1.834993e-06 
1.801051e-06 
1.767913e-06 
1.735555e-06 
1.703955e-06 
1.673091e-06 
1.642943e-06 
1.613490e-06 
1.584713e-06 
1.556593e-06 
1.529112e-06 
1.502252e-06 
1.475462e-06 
1.449281e-06 
1.423692e-06 
1.398680e-06 
1.374228e-06 
1.350321e-06 
1.326945e-06 
1.304085e-06 
1.281728e-06 
1.259860e-06 
1.238467e-06 
1.217538e-06 
1.197061e-06 
1.177023e-06 
1.157413e-06 
1.138220e-06 
1.119433e-06 
1.101042e-06 
1.083037e-06 
1.065407e-06 
1.048144e-06 
1.031239e-06 
1.014681e-06 
9.984625e-07 
9.825753e-07 
9.670108e-07 
9.517613e-07 
9.368188e-07 
9.221760e-07 
9.078256e-07 
8.937603e-07 
8.799735e-07 
8.664583e-07 
8.532084e-07 
8.402173e-07 
8.274790e-07 
8.149874e-07 
8.027368e-07 
7.907215e-07 
7.789360e-07 
7.673751e-07 
7.560335e-07 
7.449061e-07 
7.339881e-07 
7.232746e-07 
7.127610e-07 
7.024429e-07 
6.923157e-07 
6.823751e-07 
6.726171e-07 
6.630375e-07 
6.536324e-07 
6.443979e-07 
6.353302e-07 
6.264258e-07 
6.176809e-07 
6.090923e-07 
6.006563e-07 
5.923699e-07 
5.842297e-07 
5.762326e-07 
5.683755e-07 
5.606555e-07 
5.530697e-07 
5.456153e-07 
5.382894e-07 
5.310893e-07 
5.240126e-07 
5.170565e-07 
5.102186e-07 
5.034965e-07 
4.968877e-07 
4.903900e-07 
4.840010e-07 
4.777186e-07 
4.715406e-07 
4.654649e-07 
4.594895e-07 
4.536122e-07 
4.478313e-07 
4.421446e-07 
4.365505e-07 
4.310470e-07 
4.256323e-07 
4.203048e-07 
4.150627e-07 
4.099043e-07 
4.048281e-07 
3.998324e-07 
3.949157e-07 
3.900764e-07 
3.853131e-07 
3.806243e-07 
3.760087e-07 
3.714648e-07 
3.669912e-07 
3.625867e-07 
3.582499e-07 
3.539796e-07 
3.497745e-07 
3.455794e-07 
3.414477e-07 
3.373792e-07 
3.333727e-07 
3.294271e-07 
3.255411e-07 
3.217138e-07 
3.179440e-07 
3.142307e-07 
3.105729e-07 
3.069695e-07 
3.034196e-07 
2.999222e-07 
2.964764e-07 
2.930812e-07 
2.897358e-07 
2.864392e-07 
2.831906e-07 
2.799891e-07 
2.768339e-07 
2.737243e-07 
2.706593e-07 
2.676382e-07 
2.646603e-07 
2.617248e-07 
2.588310e-07 
2.559781e-07 
2.531654e-07 
2.503923e-07 
2.476581e-07 
2.449621e-07 
2.423037e-07 
2.396822e-07 
2.370970e-07 
2.345475e-07 
2.320331e-07 
2.295532e-07 
2.271073e-07 
2.246947e-07 
2.223149e-07 
2.199674e-07 
2.176517e-07 
2.153671e-07 
2.131133e-07 
2.108897e-07 
2.086958e-07 
2.065311e-07 
2.043952e-07 
2.022876e-07 
2.002078e-07 
1.981554e-07 
1.961300e-07 
1.941310e-07 
1.921582e-07 
1.902111e-07 
1.882892e-07 
1.863922e-07 
1.845198e-07 
1.826714e-07 
1.808467e-07 
1.790454e-07 
1.772671e-07 
1.755114e-07 
1.737780e-07 
1.720665e-07 
1.703767e-07 
1.687081e-07 
1.670604e-07 
1.654334e-07 
1.638267e-07 
1.622400e-07 
1.606730e-07 
1.591254e-07 
1.575969e-07 
1.560872e-07 
1.545961e-07 
1.531232e-07 
1.516683e-07 
1.502312e-07 
1.488115e-07 
1.474090e-07 
1.460234e-07 
1.446546e-07 
1.433022e-07 
1.419660e-07 
1.406458e-07 
1.393414e-07 
1.380525e-07 
1.367788e-07 
1.355202e-07 
1.342765e-07 
1.330474e-07 
1.318328e-07 
1.306324e-07 
1.294460e-07 
1.282734e-07 
1.271144e-07 
1.259689e-07 
1.248367e-07 
1.237173e-07 
1.226041e-07 
1.215037e-07 
1.204160e-07 
1.193407e-07 
1.182778e-07 
1.172270e-07 
1.161882e-07 
1.151611e-07 
1.141457e-07 
1.131418e-07 
1.121492e-07 
1.111678e-07 
1.101974e-07 
1.092379e-07 
1.082890e-07 
1.073508e-07 
1.064229e-07 
1.055054e-07 
1.045980e-07 
1.037006e-07 
1.028131e-07 
1.019354e-07 
1.010672e-07 
1.002086e-07 
9.935930e-08 
9.851925e-08 
9.768832e-08 
9.686639e-08 
9.605333e-08 
9.524904e-08 
9.445339e-08 
9.366628e-08 
9.288759e-08 
9.211721e-08 
9.135504e-08 
9.060097e-08 
8.985489e-08 
8.911671e-08 
8.838631e-08 
8.766361e-08 
8.694850e-08 
8.624088e-08 
8.554067e-08 
8.484776e-08 
8.416206e-08 
8.348349e-08 
8.281194e-08 
8.214735e-08 
8.148960e-08 
8.083863e-08 
8.019435e-08 
7.955666e-08 
7.892550e-08 
7.830078e-08 
7.768241e-08 
7.707033e-08 
7.646445e-08 
7.586470e-08 
7.527100e-08 
7.468327e-08 
7.410145e-08 
7.352546e-08 
7.295524e-08 
7.239070e-08 
7.183179e-08 
7.127843e-08 
7.073056e-08 
7.018811e-08 
6.965101e-08 
6.911921e-08 
6.859263e-08 
6.807122e-08 
6.755491e-08 
6.704365e-08 
6.653737e-08 
6.603601e-08 
6.553953e-08 
6.504784e-08 
6.456092e-08 
6.407869e-08 
6.360109e-08 
6.312809e-08 
6.265962e-08 
6.219563e-08 
6.173607e-08 
6.128089e-08 
6.083003e-08 
6.038345e-08 
5.994110e-08 
5.950292e-08 
5.906888e-08 
5.863892e-08 
5.821299e-08 
5.779106e-08 
5.737307e-08 
5.695898e-08 
5.654875e-08 
5.614233e-08 
5.573967e-08 
5.534075e-08 
5.494347e-08 
5.454985e-08 
5.415986e-08 
5.377347e-08 
5.339064e-08 
5.301132e-08 
5.263547e-08 
5.226307e-08 
5.189406e-08 
5.152841e-08 
5.116609e-08 
5.080706e-08 
5.045128e-08 
5.009871e-08 
4.974932e-08 
4.940308e-08 
4.905995e-08 
4.871989e-08 
4.838288e-08 
4.804888e-08 
4.771785e-08 
4.738977e-08 
4.706461e-08 
4.674232e-08 
4.642289e-08 
4.610627e-08 
4.579244e-08 
4.548138e-08 
4.517304e-08 
4.486741e-08 
4.456444e-08 
4.426412e-08 
4.396642e-08 
4.367130e-08 
4.337874e-08 
4.308872e-08 
4.280120e-08 
4.251617e-08 
4.223358e-08 
4.195343e-08 
4.167568e-08 
4.140030e-08 
4.112728e-08 
4.085659e-08 
4.058821e-08 
4.032210e-08 
4.005825e-08 
3.979664e-08 
3.953723e-08 
3.928001e-08 
3.902496e-08 
3.877205e-08 
3.852127e-08 
3.827258e-08 
3.802597e-08 
3.778142e-08 
3.753890e-08 
3.729840e-08 
3.705990e-08 
3.682337e-08 
3.658879e-08 
3.635615e-08 
3.612543e-08 
3.589660e-08 
3.566965e-08 
3.544456e-08 
3.522131e-08 
3.499988e-08 
3.478025e-08 
3.456241e-08 
3.434634e-08 
3.413202e-08 
3.391944e-08 
3.370857e-08 
3.349940e-08 
3.329191e-08 
3.308609e-08 
3.288192e-08 
3.267938e-08 
3.247846e-08 
3.227914e-08 
3.208141e-08 
3.188525e-08 
3.169065e-08 
3.149759e-08 
3.130605e-08 
3.111603e-08 
3.092750e-08 
3.074045e-08 
3.055488e-08 
3.037075e-08 
3.018807e-08 
3.000682e-08 
2.982697e-08 
2.964853e-08 
2.947147e-08 
2.929579e-08 
2.912147e-08 
2.894849e-08 
2.877685e-08 
2.860589e-08 
2.843626e-08 
2.826793e-08 
2.810090e-08 
2.793515e-08 
2.777066e-08 
2.760744e-08 
2.744546e-08 
2.728471e-08 
2.712519e-08 
2.696688e-08 
2.680978e-08 
2.665386e-08 
2.649912e-08 
2.634554e-08 
2.619313e-08 
2.604186e-08 
2.589172e-08 
2.574271e-08 
2.559482e-08 
2.544803e-08 
2.530233e-08 
2.515772e-08 
2.501419e-08 
2.487171e-08 
2.473030e-08 
2.458993e-08 
2.445060e-08 
2.431229e-08 
2.417500e-08 
2.403873e-08 
2.390345e-08 
2.376916e-08 
2.363585e-08 
2.350352e-08 
2.337215e-08 
2.324173e-08 
2.311227e-08 
2.298374e-08 
2.285615e-08 
2.272947e-08 
2.260371e-08 
2.247886e-08 
2.235490e-08 
2.223184e-08 
2.210966e-08 
2.198835e-08 
2.186791e-08 
2.174833e-08 
2.162960e-08 
2.151171e-08 
2.139467e-08 
2.127845e-08 
2.116306e-08 
2.104848e-08 
2.093471e-08 
2.082174e-08 
2.070957e-08 
2.059818e-08 
2.048758e-08 
2.037775e-08 
2.026869e-08 
2.016039e-08 
2.005284e-08 
1.994605e-08 
1.983999e-08 
1.973467e-08 
1.963008e-08 
1.952622e-08 
1.942307e-08 
1.932063e-08 
1.921890e-08 
1.911786e-08 
1.901753e-08 
1.891787e-08 
1.881890e-08 
1.872061e-08 
1.862298e-08 
1.852602e-08 
1.842972e-08 
1.833408e-08 
1.823908e-08 
1.814473e-08 
1.805101e-08 
1.795793e-08 
1.786547e-08 
1.777363e-08 
1.768242e-08 
1.759181e-08 
1.750181e-08 
1.741241e-08 
1.732361e-08 
1.723540e-08 
1.714778e-08 
1.706074e-08 
1.697428e-08 
1.688839e-08 
1.680307e-08 
1.671832e-08 
1.663412e-08 
1.655048e-08 
1.646739e-08 
1.638484e-08 
1.630284e-08 
1.622137e-08 
1.614044e-08 
1.606003e-08 
1.598015e-08 
1.590079e-08 
1.582194e-08 
1.574361e-08 
1.566578e-08 
1.558846e-08 
1.551164e-08 
1.543531e-08 
1.535948e-08 
1.528413e-08 
1.520927e-08 
1.513489e-08 
1.506098e-08 
1.498755e-08 
1.491459e-08 
1.484209e-08 
1.477005e-08 
1.469848e-08 
1.462735e-08 
1.455668e-08 
1.448646e-08 
1.441668e-08 
1.434734e-08 
1.427844e-08 
1.420997e-08 
1.414193e-08 
1.407432e-08 
1.400714e-08 
1.394037e-08 
1.387403e-08 
1.380809e-08 
1.374257e-08 
1.367746e-08 
1.361275e-08 
1.354844e-08 
1.348453e-08 
1.342102e-08 
1.335790e-08 
1.329517e-08 
1.323283e-08 
1.317087e-08 
1.310929e-08 
1.304809e-08 
1.298726e-08 
1.292681e-08 
1.286673e-08 
1.280701e-08 
1.274766e-08 
1.268867e-08 
1.263004e-08 
1.257176e-08 
1.251384e-08 
1.245627e-08 
1.239905e-08 
1.234217e-08 
1.228563e-08 
1.222944e-08 
1.217358e-08 
1.211806e-08 
1.206288e-08 
1.200802e-08 
1.195349e-08 
1.189929e-08 
1.184541e-08 
1.179185e-08 
1.173861e-08 
1.168569e-08 
1.163308e-08 
1.158078e-08 
1.152879e-08 
1.147711e-08 
1.142574e-08 
1.137466e-08 
1.132389e-08 
1.127342e-08 
1.122324e-08 
1.117336e-08 
1.112376e-08 
1.107446e-08 
1.102545e-08 
1.097672e-08 
1.092828e-08 
1.088012e-08 
1.083223e-08 
1.078463e-08 
1.073730e-08 
1.069024e-08 
1.064346e-08 
1.059695e-08 
1.055070e-08 
1.050472e-08 
1.045901e-08 
1.041356e-08 
1.036811e-08 
1.032292e-08 
1.027798e-08 
1.023331e-08 
1.018889e-08 
1.014473e-08 
1.010081e-08 
4.190352e-08 
4.171949e-08 
4.153650e-08 
4.135455e-08 
4.117362e-08 
4.099371e-08 
4.081481e-08 
4.063691e-08 
4.046002e-08 
4.028411e-08 
4.010919e-08 
3.993525e-08 
3.976227e-08 
3.959027e-08 
3.941921e-08 
3.924911e-08 
3.907996e-08 
3.891174e-08 
3.874446e-08 
3.857810e-08 
3.841266e-08 
3.824813e-08 
3.808451e-08 
3.792179e-08 
3.775997e-08 
3.759903e-08 
3.743898e-08 
3.727981e-08 
3.712150e-08 
3.696406e-08 
3.680748e-08 
3.665176e-08 
3.649688e-08 
3.634284e-08 
3.618965e-08 
3.603728e-08 
3.588574e-08 
3.573501e-08 
3.558511e-08 
3.543601e-08 
3.528772e-08 
3.514022e-08 
3.499352e-08 
3.484761e-08 
3.470248e-08 
3.455813e-08 
3.441455e-08 
3.427174e-08 
3.412969e-08 
3.398840e-08 
3.384787e-08 
3.370808e-08 
3.356903e-08 
3.343072e-08 
3.329315e-08 
3.315631e-08 
3.302018e-08 
3.288478e-08 
3.275010e-08 
3.261612e-08 
3.248285e-08 
3.235028e-08 
3.221840e-08 
3.208722e-08 
3.195673e-08 
3.182692e-08 
3.169779e-08 
3.156933e-08 
3.144154e-08 
3.131442e-08 
3.118796e-08 
3.106216e-08 
3.093701e-08 
3.081251e-08 
3.068865e-08 
3.056544e-08 
3.044286e-08 
3.032092e-08 
3.019960e-08 
3.007891e-08 
2.995884e-08 
2.983939e-08 
2.972055e-08 
2.960232e-08 
2.948470e-08 
2.936768e-08 
2.925125e-08 
2.913542e-08 
2.902018e-08 
2.890553e-08 
2.879146e-08 
2.867797e-08 
2.856505e-08 
2.845271e-08 
2.834094e-08 
2.822973e-08 
2.811909e-08 
2.800900e-08 
2.789947e-08 
2.779048e-08 
2.768205e-08 
2.757416e-08 
2.746682e-08 
2.736001e-08 
2.725373e-08 
2.714799e-08 
2.704278e-08 
2.693809e-08 
2.683392e-08 
2.673027e-08 
2.662714e-08 
2.652452e-08 
2.642241e-08 
2.632080e-08 
2.621970e-08 
2.611910e-08 
2.601900e-08 
2.591939e-08 
2.582027e-08 
2.572163e-08 
2.562349e-08 
2.552582e-08 
2.542864e-08 
2.533193e-08 
2.523570e-08 
2.513993e-08 
2.504464e-08 
2.494981e-08 
2.485544e-08 
2.476153e-08 
2.466808e-08 
2.457508e-08 
2.448253e-08 
2.439044e-08 
2.429878e-08 
2.420758e-08 
2.411681e-08 
2.402648e-08 
2.393659e-08 
2.384713e-08 
2.375810e-08 
2.366950e-08 
2.358133e-08 
2.349357e-08 
2.340624e-08 
2.331933e-08 
2.323283e-08 
2.314675e-08 
2.306107e-08 
2.297581e-08 
2.289095e-08 
2.280649e-08 
2.272244e-08 
2.263878e-08 
2.255552e-08 
2.247266e-08 
2.239019e-08 
2.230810e-08 
2.222641e-08 
2.214510e-08 
2.206417e-08 
2.198363e-08 
2.190346e-08 
2.182367e-08 
2.174426e-08 
2.166521e-08 
2.158654e-08 
2.150823e-08 
2.143030e-08 
2.135272e-08 
2.127551e-08 
2.119865e-08 
2.112215e-08 
2.104601e-08 
2.097023e-08 
2.089479e-08 
2.081970e-08 
2.074497e-08 
2.067057e-08 
2.059652e-08 
2.052282e-08 
2.044945e-08 
2.037642e-08 
2.030372e-08 
2.023136e-08 
2.015934e-08 
2.008764e-08 
2.001627e-08 
1.994523e-08 
1.987451e-08 
1.980412e-08 
1.973404e-08 
1.966429e-08 
