   5.06773071616e+07    5.06773071616e+09    5.06773071616e+06    4.48000000000e+00 
991 
1.709910e-03 
1.910381e-03 
1.892358e-03 
1.743325e-03 
1.572009e-03 
1.411865e-03 
1.266760e-03 
1.138122e-03 
1.025752e-03 
9.275348e-04 
8.417635e-04 
7.664465e-04 
7.001629e-04 
6.417513e-04 
5.900556e-04 
5.440923e-04 
5.031974e-04 
4.665648e-04 
4.336712e-04 
4.040574e-04 
3.773484e-04 
3.531281e-04 
3.310949e-04 
3.110334e-04 
2.927152e-04 
2.759439e-04 
2.605498e-04 
2.463897e-04 
2.333359e-04 
2.212769e-04 
2.101155e-04 
1.997669e-04 
1.901527e-04 
1.812054e-04 
1.728652e-04 
1.650788e-04 
1.578041e-04 
1.509941e-04 
1.446084e-04 
1.386126e-04 
1.329757e-04 
1.276695e-04 
1.226695e-04 
1.179522e-04 
1.134961e-04 
1.092820e-04 
1.052926e-04 
1.015118e-04 
9.792535e-05 
9.452347e-05 
9.129141e-05 
8.821631e-05 
8.528775e-05 
8.249617e-05 
7.983274e-05 
7.728935e-05 
7.485922e-05 
7.254366e-05 
7.032612e-05 
6.820023e-05 
6.616009e-05 
6.420024e-05 
6.231564e-05 
6.050160e-05 
5.876779e-05 
5.709607e-05 
5.547917e-05 
5.391235e-05 
5.239127e-05 
5.091087e-05 
4.947213e-05 
4.807852e-05 
4.673248e-05 
4.536501e-05 
4.403213e-05 
4.269245e-05 
4.130430e-05 
3.979678e-05 
3.795896e-05 
3.576407e-05 
3.519939e-05 
3.585558e-05 
3.600987e-05 
3.579497e-05 
3.546841e-05 
3.502207e-05 
3.455998e-05 
3.405441e-05 
3.354735e-05 
3.301554e-05 
3.249818e-05 
3.197879e-05 
3.145898e-05 
3.094899e-05 
3.044332e-05 
2.994272e-05 
2.944930e-05 
2.896425e-05 
2.848908e-05 
2.802225e-05 
2.756380e-05 
2.711380e-05 
2.667238e-05 
2.623974e-05 
2.581590e-05 
2.540058e-05 
2.499373e-05 
2.459532e-05 
2.420519e-05 
2.382339e-05 
2.344978e-05 
2.308404e-05 
2.272599e-05 
2.237547e-05 
2.203231e-05 
2.169646e-05 
2.136767e-05 
2.104573e-05 
2.073033e-05 
2.042174e-05 
2.011990e-05 
1.982437e-05 
1.953499e-05 
1.925138e-05 
1.897344e-05 
1.870122e-05 
1.843458e-05 
1.817363e-05 
1.791799e-05 
1.766752e-05 
1.742210e-05 
1.718160e-05 
1.694588e-05 
1.671481e-05 
1.648825e-05 
1.626605e-05 
1.604815e-05 
1.583446e-05 
1.562486e-05 
1.541925e-05 
1.521753e-05 
1.501962e-05 
1.482542e-05 
1.463486e-05 
1.444784e-05 
1.426429e-05 
1.408412e-05 
1.390725e-05 
1.373366e-05 
1.356323e-05 
1.339588e-05 
1.323154e-05 
1.307014e-05 
1.291160e-05 
1.275588e-05 
1.260289e-05 
1.245258e-05 
1.230489e-05 
1.215977e-05 
1.201714e-05 
1.187703e-05 
1.173939e-05 
1.160408e-05 
1.147107e-05 
1.134029e-05 
1.121170e-05 
1.108525e-05 
1.096089e-05 
1.083858e-05 
1.071827e-05 
1.059993e-05 
1.048351e-05 
1.036896e-05 
1.025626e-05 
1.014536e-05 
1.003622e-05 
9.928812e-06 
9.823104e-06 
9.719055e-06 
9.616628e-06 
9.515791e-06 
9.416512e-06 
9.318759e-06 
9.222501e-06 
9.127708e-06 
9.034351e-06 
8.942401e-06 
8.851831e-06 
8.762613e-06 
8.674720e-06 
8.588128e-06 
8.502811e-06 
8.418744e-06 
8.335903e-06 
8.254265e-06 
8.173807e-06 
8.094507e-06 
8.016343e-06 
7.939293e-06 
7.863338e-06 
7.788468e-06 
7.714720e-06 
7.642005e-06 
7.570303e-06 
7.499597e-06 
7.429868e-06 
7.361097e-06 
7.293269e-06 
7.226365e-06 
7.160370e-06 
7.095266e-06 
7.031039e-06 
6.967672e-06 
6.905151e-06 
6.843460e-06 
6.782586e-06 
6.722513e-06 
6.663228e-06 
6.604718e-06 
6.546969e-06 
6.489968e-06 
6.433703e-06 
6.378160e-06 
6.323328e-06 
6.269195e-06 
6.215749e-06 
6.162979e-06 
6.110874e-06 
6.059422e-06 
6.008613e-06 
5.958456e-06 
5.908921e-06 
5.859998e-06 
5.811676e-06 
5.763946e-06 
5.716798e-06 
5.670223e-06 
5.624211e-06 
5.578753e-06 
5.533842e-06 
5.489467e-06 
5.445621e-06 
5.402295e-06 
5.359482e-06 
5.317172e-06 
5.275359e-06 
5.234034e-06 
5.193191e-06 
5.152821e-06 
5.112917e-06 
5.073473e-06 
5.034481e-06 
4.995935e-06 
4.957828e-06 
4.920152e-06 
4.882903e-06 
4.846073e-06 
4.809656e-06 
4.773646e-06 
4.738037e-06 
4.702828e-06 
4.668018e-06 
4.633591e-06 
4.599542e-06 
4.565866e-06 
4.532556e-06 
4.499609e-06 
4.467018e-06 
4.434778e-06 
4.402885e-06 
4.371333e-06 
4.340118e-06 
4.309235e-06 
4.278680e-06 
4.248446e-06 
4.218531e-06 
4.188930e-06 
4.159638e-06 
4.130652e-06 
4.101966e-06 
4.073577e-06 
4.045481e-06 
4.017673e-06 
3.990150e-06 
3.962908e-06 
3.935944e-06 
3.909252e-06 
3.882831e-06 
3.856676e-06 
3.830783e-06 
3.805149e-06 
3.779772e-06 
3.754646e-06 
3.729771e-06 
3.705145e-06 
3.680762e-06 
3.656618e-06 
3.632711e-06 
3.609036e-06 
3.585592e-06 
3.562374e-06 
3.539381e-06 
3.516610e-06 
3.494057e-06 
3.471719e-06 
3.449595e-06 
3.427681e-06 
3.405975e-06 
3.384473e-06 
3.363175e-06 
3.342076e-06 
3.321175e-06 
3.300468e-06 
3.279955e-06 
3.259632e-06 
3.239496e-06 
3.219546e-06 
3.199780e-06 
3.180195e-06 
3.160788e-06 
3.141558e-06 
3.122503e-06 
3.103621e-06 
3.084909e-06 
3.066365e-06 
3.047987e-06 
3.029775e-06 
3.011724e-06 
2.993834e-06 
2.976103e-06 
2.958528e-06 
2.941109e-06 
2.923843e-06 
2.906728e-06 
2.889764e-06 
2.872947e-06 
2.856276e-06 
2.839750e-06 
2.823367e-06 
2.807124e-06 
2.791022e-06 
2.775057e-06 
2.759229e-06 
2.743535e-06 
2.727975e-06 
2.712546e-06 
2.697248e-06 
2.682079e-06 
2.667037e-06 
2.652121e-06 
2.637330e-06 
2.622662e-06 
2.608116e-06 
2.593691e-06 
2.579384e-06 
2.565196e-06 
2.551124e-06 
2.537167e-06 
2.523325e-06 
2.509595e-06 
2.495977e-06 
2.482470e-06 
2.469071e-06 
2.455781e-06 
2.442598e-06 
2.429520e-06 
2.416547e-06 
2.403677e-06 
2.390910e-06 
2.378244e-06 
2.365679e-06 
2.353213e-06 
2.340844e-06 
2.328573e-06 
2.316399e-06 
2.304319e-06 
2.292335e-06 
2.280444e-06 
2.268645e-06 
2.256938e-06 
2.245320e-06 
2.233792e-06 
2.222353e-06 
2.211001e-06 
2.199736e-06 
2.188557e-06 
2.177462e-06 
2.166452e-06 
2.155525e-06 
2.144680e-06 
2.133917e-06 
2.123235e-06 
2.112632e-06 
2.102109e-06 
2.091664e-06 
2.081297e-06 
2.071006e-06 
2.060792e-06 
2.050653e-06 
2.040589e-06 
2.030598e-06 
2.020681e-06 
2.010836e-06 
2.001062e-06 
1.991360e-06 
1.981728e-06 
1.972166e-06 
1.962673e-06 
1.953248e-06 
1.943891e-06 
1.934601e-06 
1.925377e-06 
1.916219e-06 
1.907126e-06 
1.898098e-06 
1.889134e-06 
1.880232e-06 
1.871394e-06 
1.862618e-06 
1.853903e-06 
1.845250e-06 
1.836657e-06 
1.828123e-06 
1.819649e-06 
1.811234e-06 
1.802876e-06 
1.794576e-06 
1.786334e-06 
1.778148e-06 
1.770018e-06 
1.761943e-06 
1.753924e-06 
1.745960e-06 
1.738049e-06 
1.730192e-06 
1.722388e-06 
1.714637e-06 
1.706938e-06 
1.699291e-06 
1.691695e-06 
1.684150e-06 
1.676655e-06 
1.669210e-06 
1.661815e-06 
1.654468e-06 
1.647170e-06 
1.639921e-06 
1.632719e-06 
1.625564e-06 
1.618457e-06 
1.611395e-06 
1.604380e-06 
1.597411e-06 
1.590487e-06 
1.583608e-06 
1.576773e-06 
1.569982e-06 
1.563236e-06 
1.556532e-06 
1.549872e-06 
1.543254e-06 
1.536679e-06 
1.530145e-06 
1.523653e-06 
1.517202e-06 
1.510793e-06 
1.504423e-06 
1.498094e-06 
1.491805e-06 
1.485555e-06 
1.479344e-06 
1.473173e-06 
1.467040e-06 
1.460945e-06 
1.454887e-06 
1.448868e-06 
1.442886e-06 
1.436940e-06 
1.431032e-06 
1.425160e-06 
1.419324e-06 
1.413524e-06 
1.407760e-06 
1.402030e-06 
1.396336e-06 
1.390676e-06 
1.385050e-06 
1.379459e-06 
1.373901e-06 
1.368377e-06 
1.362886e-06 
1.357428e-06 
1.352003e-06 
1.346610e-06 
1.341249e-06 
1.335921e-06 
1.330624e-06 
1.325358e-06 
1.320124e-06 
1.314921e-06 
1.309748e-06 
1.304606e-06 
1.299494e-06 
1.294412e-06 
1.289360e-06 
1.284337e-06 
1.279344e-06 
1.274379e-06 
1.269444e-06 
1.264537e-06 
1.259658e-06 
1.254808e-06 
1.249986e-06 
1.245191e-06 
1.240424e-06 
1.235684e-06 
1.230972e-06 
1.226286e-06 
1.221627e-06 
1.216994e-06 
1.212388e-06 
1.207808e-06 
1.203254e-06 
1.198725e-06 
1.194222e-06 
1.189745e-06 
1.185292e-06 
1.180865e-06 
1.176462e-06 
1.172084e-06 
1.167730e-06 
1.163400e-06 
1.159095e-06 
1.154813e-06 
1.150555e-06 
1.146320e-06 
1.142109e-06 
1.137921e-06 
1.133756e-06 
1.129614e-06 
1.125494e-06 
1.121397e-06 
1.117322e-06 
1.113269e-06 
1.109238e-06 
1.105229e-06 
1.101242e-06 
1.097276e-06 
1.093332e-06 
1.089409e-06 
1.085507e-06 
1.081626e-06 
1.077765e-06 
1.073926e-06 
1.070106e-06 
1.066307e-06 
1.062529e-06 
1.058770e-06 
1.055031e-06 
1.051313e-06 
1.047613e-06 
1.043933e-06 
1.040273e-06 
1.036632e-06 
1.033010e-06 
1.029406e-06 
1.025822e-06 
1.022256e-06 
1.018709e-06 
1.015181e-06 
1.011670e-06 
1.008178e-06 
1.004704e-06 
1.001248e-06 
9.978092e-07 
9.943884e-07 
9.909853e-07 
9.875996e-07 
9.842312e-07 
9.808800e-07 
9.775459e-07 
9.742288e-07 
9.709285e-07 
9.676450e-07 
9.643781e-07 
9.611277e-07 
9.578938e-07 
9.546761e-07 
9.514746e-07 
9.482893e-07 
9.451198e-07 
9.419663e-07 
9.388285e-07 
9.357063e-07 
9.325998e-07 
9.295086e-07 
9.264328e-07 
9.233723e-07 
9.203269e-07 
9.172965e-07 
9.142811e-07 
9.112805e-07 
9.082947e-07 
9.053236e-07 
9.023670e-07 
8.994248e-07 
8.964970e-07 
8.935836e-07 
8.906842e-07 
8.877990e-07 
8.849278e-07 
8.820705e-07 
8.792270e-07 
8.763972e-07 
8.735811e-07 
8.707785e-07 
8.679894e-07 
8.652137e-07 
8.624513e-07 
8.597021e-07 
8.569660e-07 
8.542430e-07 
8.515329e-07 
8.488357e-07 
8.461513e-07 
8.434796e-07 
8.408206e-07 
8.381741e-07 
8.355401e-07 
8.329185e-07 
8.303092e-07 
8.277122e-07 
8.251273e-07 
8.225545e-07 
8.199937e-07 
8.174449e-07 
8.149080e-07 
8.123828e-07 
8.098694e-07 
8.073676e-07 
8.048774e-07 
8.023987e-07 
7.999314e-07 
7.974755e-07 
7.950309e-07 
7.925975e-07 
7.901753e-07 
7.877642e-07 
7.853641e-07 
7.829749e-07 
7.805966e-07 
7.782292e-07 
7.758725e-07 
7.735265e-07 
7.711911e-07 
7.688663e-07 
7.665520e-07 
7.642482e-07 
7.619547e-07 
7.596715e-07 
7.573985e-07 
7.551356e-07 
7.528829e-07 
7.506403e-07 
7.484077e-07 
7.461850e-07 
7.439722e-07 
7.417693e-07 
7.395761e-07 
7.373926e-07 
7.352188e-07 
7.330546e-07 
7.309000e-07 
7.287548e-07 
7.266190e-07 
7.244927e-07 
7.223756e-07 
7.202679e-07 
7.181693e-07 
7.160799e-07 
7.139996e-07 
7.119284e-07 
7.098661e-07 
7.078128e-07 
7.057685e-07 
7.037329e-07 
7.017062e-07 
6.996882e-07 
6.976789e-07 
6.956782e-07 
6.936861e-07 
6.917026e-07 
6.897276e-07 
6.877610e-07 
6.858029e-07 
6.838530e-07 
6.819115e-07 
6.799783e-07 
6.780532e-07 
6.761364e-07 
6.742276e-07 
6.723269e-07 
6.704343e-07 
6.685496e-07 
6.666729e-07 
6.648040e-07 
6.629430e-07 
6.610898e-07 
6.592444e-07 
6.574067e-07 
6.555767e-07 
6.537543e-07 
6.519395e-07 
6.501322e-07 
6.483324e-07 
6.465401e-07 
6.447552e-07 
6.429777e-07 
6.412076e-07 
6.394447e-07 
6.376891e-07 
6.359407e-07 
6.341996e-07 
6.324655e-07 
6.307386e-07 
6.290187e-07 
6.273058e-07 
6.256000e-07 
6.239011e-07 
6.222091e-07 
6.205239e-07 
6.188456e-07 
6.171742e-07 
6.155094e-07 
6.138515e-07 
6.122002e-07 
6.105555e-07 
6.089175e-07 
6.072860e-07 
6.056612e-07 
6.040428e-07 
6.024309e-07 
6.008254e-07 
5.992264e-07 
5.976337e-07 
5.960474e-07 
5.944674e-07 
5.928937e-07 
5.913262e-07 
5.897649e-07 
5.882098e-07 
5.866608e-07 
5.851180e-07 
5.835812e-07 
5.820505e-07 
5.805258e-07 
5.790071e-07 
5.774943e-07 
5.759874e-07 
5.744864e-07 
5.729913e-07 
5.715020e-07 
5.700186e-07 
5.685409e-07 
5.670689e-07 
5.656026e-07 
5.641421e-07 
5.626871e-07 
5.612378e-07 
5.597941e-07 
5.583560e-07 
5.569234e-07 
5.554963e-07 
5.540746e-07 
5.526585e-07 
5.512477e-07 
5.498424e-07 
5.484424e-07 
5.470478e-07 
5.456585e-07 
5.442744e-07 
5.428957e-07 
5.415221e-07 
5.401538e-07 
5.387906e-07 
5.374327e-07 
5.360798e-07 
5.347320e-07 
5.333894e-07 
5.320517e-07 
5.307191e-07 
5.293915e-07 
5.280689e-07 
5.267512e-07 
5.254385e-07 
5.241307e-07 
5.228277e-07 
5.215296e-07 
5.202363e-07 
5.189478e-07 
5.176641e-07 
5.163852e-07 
5.151110e-07 
5.138415e-07 
5.125767e-07 
5.113166e-07 
5.100611e-07 
5.088102e-07 
5.075640e-07 
5.063223e-07 
5.050851e-07 
5.038525e-07 
5.026244e-07 
5.014008e-07 
5.001816e-07 
4.989669e-07 
4.977566e-07 
4.965507e-07 
4.953492e-07 
4.941520e-07 
4.929592e-07 
4.917707e-07 
4.905865e-07 
4.894066e-07 
4.882309e-07 
4.870595e-07 
4.858923e-07 
4.847292e-07 
4.835704e-07 
4.824157e-07 
4.812651e-07 
4.801187e-07 
4.789763e-07 
4.778380e-07 
4.767038e-07 
4.755736e-07 
4.744474e-07 
4.733251e-07 
4.722069e-07 
4.710926e-07 
4.699822e-07 
4.688758e-07 
4.677733e-07 
4.666747e-07 
4.655800e-07 
4.644891e-07 
4.634020e-07 
4.623188e-07 
4.612393e-07 
4.601636e-07 
4.590917e-07 
4.580235e-07 
4.569591e-07 
4.558983e-07 
4.548413e-07 
4.537879e-07 
4.527382e-07 
4.516921e-07 
4.506496e-07 
4.496108e-07 
4.485755e-07 
4.475438e-07 
4.465156e-07 
4.454910e-07 
4.444699e-07 
4.434523e-07 
4.424382e-07 
4.414276e-07 
4.404205e-07 
4.394167e-07 
4.384164e-07 
4.374196e-07 
4.364261e-07 
4.354360e-07 
4.344492e-07 
4.334659e-07 
4.324858e-07 
4.315091e-07 
4.305357e-07 
4.295655e-07 
4.285987e-07 
4.276351e-07 
4.266748e-07 
4.257176e-07 
4.247637e-07 
4.238131e-07 
4.228656e-07 
4.219212e-07 
4.209801e-07 
4.200420e-07 
4.191071e-07 
4.181754e-07 
4.172467e-07 
4.163211e-07 
4.153986e-07 
4.144792e-07 
4.135628e-07 
4.126495e-07 
4.117391e-07 
4.108318e-07 
4.099275e-07 
4.090262e-07 
4.081278e-07 
4.072324e-07 
4.063399e-07 
4.054504e-07 
4.045638e-07 
4.036801e-07 
4.027993e-07 
4.019213e-07 
4.010463e-07 
4.001741e-07 
3.993047e-07 
3.984382e-07 
3.975744e-07 
3.967135e-07 
3.958554e-07 
3.950001e-07 
3.941475e-07 
3.932977e-07 
3.924506e-07 
3.916063e-07 
3.907647e-07 
3.899258e-07 
3.890896e-07 
3.882561e-07 
3.874252e-07 
3.865971e-07 
3.857715e-07 
3.849487e-07 
3.841284e-07 
3.833108e-07 
3.824958e-07 
3.816834e-07 
3.808735e-07 
3.800663e-07 
3.792616e-07 
3.784594e-07 
3.776598e-07 
3.768628e-07 
3.760682e-07 
3.752762e-07 
3.744867e-07 
3.736996e-07 
3.729150e-07 
3.721329e-07 
3.713533e-07 
3.705761e-07 
3.698014e-07 
3.690290e-07 
3.682591e-07 
3.674916e-07 
3.667265e-07 
3.659638e-07 
3.652035e-07 
3.644455e-07 
3.636899e-07 
3.629367e-07 
3.621858e-07 
3.614372e-07 
3.606909e-07 
3.599469e-07 
3.592053e-07 
3.584659e-07 
3.577288e-07 
3.569940e-07 
3.562614e-07 
3.555311e-07 
3.548031e-07 
3.540773e-07 
3.533537e-07 
3.526323e-07 
3.519131e-07 
3.511961e-07 
3.504814e-07 
3.497688e-07 
3.490583e-07 
3.483501e-07 
3.476439e-07 
3.469400e-07 
3.462381e-07 
3.455384e-07 
3.448408e-07 
3.441454e-07 
3.434520e-07 
3.427607e-07 
3.420715e-07 
3.413844e-07 
3.406994e-07 
3.400164e-07 
3.393354e-07 
1.869110e-03 
1.491335e-03 
1.110125e-03 
8.461468e-04 
6.580713e-04 
5.207690e-04 
4.155231e-04 
3.361258e-04 
2.752230e-04 
2.278103e-04 
1.904079e-04 
1.596720e-04 
1.350024e-04 
1.150023e-04 
9.863870e-05 
8.513754e-05 
7.391181e-05 
6.451128e-05 
5.658709e-05 
4.986636e-05 
4.413372e-05 
3.912471e-05 
3.481802e-05 
3.109760e-05 
2.786930e-05 
2.505624e-05 
2.259531e-05 
2.043438e-05 
1.853017e-05 
1.684655e-05 
1.535323e-05 
1.400943e-05 
1.281179e-05 
1.174147e-05 
1.078241e-05 
9.920887e-06 
9.145119e-06 
8.444966e-06 
7.811668e-06 
7.237633e-06 
6.716261e-06 
6.238357e-06 
5.802886e-06 
5.405364e-06 
5.041855e-06 
4.708892e-06 
4.403417e-06 
4.122725e-06 
3.864420e-06 
3.626371e-06 
3.406683e-06 
3.201906e-06 
3.012526e-06 
2.837163e-06 
2.674579e-06 
2.523662e-06 
2.383415e-06 
2.252935e-06 
2.131410e-06 
2.018106e-06 
1.912359e-06 
1.813567e-06 
1.721181e-06 
1.634706e-06 
1.553689e-06 
1.477718e-06 
1.406417e-06 
1.339442e-06 
1.276480e-06 
1.217241e-06 
1.161463e-06 
1.108614e-06 
1.058789e-06 
1.011783e-06 
9.674047e-07 
9.254775e-07 
8.858395e-07 
8.483410e-07 
8.128435e-07 
7.792190e-07 
5.438393e-06 
5.242238e-06 
5.055060e-06 
4.876260e-06 
4.705290e-06 
4.541653e-06 
4.384891e-06 
4.234588e-06 
4.090359e-06 
3.951852e-06 
3.818745e-06 
3.690751e-06 
3.567653e-06 
3.449259e-06 
3.335379e-06 
3.225833e-06 
3.120447e-06 
3.019053e-06 
2.921491e-06 
2.827605e-06 
2.737248e-06 
2.650276e-06 
2.566552e-06 
2.485946e-06 
2.408330e-06 
2.333585e-06 
2.261594e-06 
2.192245e-06 
2.125433e-06 
2.061056e-06 
1.999015e-06 
1.939216e-06 
1.881571e-06 
1.825992e-06 
1.772397e-06 
1.720708e-06 
1.670848e-06 
1.622745e-06 
1.576330e-06 
1.531537e-06 
1.488301e-06 
1.446561e-06 
1.406259e-06 
1.367340e-06 
1.329749e-06 
1.293435e-06 
1.258349e-06 
1.224443e-06 
1.191673e-06 
1.159995e-06 
1.129367e-06 
1.099750e-06 
1.071106e-06 
1.043398e-06 
1.016591e-06 
9.906508e-07 
9.655460e-07 
9.412452e-07 
9.177190e-07 
8.949388e-07 
8.728773e-07 
8.515077e-07 
8.308040e-07 
8.107406e-07 
7.912933e-07 
7.724388e-07 
7.541548e-07 
7.364203e-07 
7.192150e-07 
7.025194e-07 
6.863150e-07 
6.705842e-07 
6.553098e-07 
6.404758e-07 
6.260664e-07 
6.120669e-07 
5.984629e-07 
5.852407e-07 
5.723872e-07 
5.598898e-07 
5.477365e-07 
5.359156e-07 
5.244159e-07 
5.132269e-07 
5.023382e-07 
4.917400e-07 
4.814228e-07 
4.713774e-07 
4.615952e-07 
4.520678e-07 
4.427869e-07 
4.337448e-07 
4.249341e-07 
4.163474e-07 
4.079778e-07 
3.998187e-07 
3.918636e-07 
3.841062e-07 
3.765405e-07 
3.691608e-07 
3.619616e-07 
3.549374e-07 
3.480830e-07 
3.413935e-07 
3.348640e-07 
3.284899e-07 
3.222666e-07 
3.161899e-07 
3.102555e-07 
3.044594e-07 
2.987976e-07 
2.932669e-07 
2.878632e-07 
2.825830e-07 
2.774230e-07 
2.723799e-07 
2.674505e-07 
2.626319e-07 
2.579210e-07 
2.533151e-07 
2.488112e-07 
2.444068e-07 
2.400993e-07 
2.358860e-07 
2.317645e-07 
2.277326e-07 
2.237877e-07 
2.199278e-07 
2.161507e-07 
2.124541e-07 
2.088362e-07 
2.052948e-07 
2.018281e-07 
1.984343e-07 
1.951114e-07 
1.918577e-07 
1.886715e-07 
1.855511e-07 
1.824950e-07 
1.795015e-07 
1.765691e-07 
1.736964e-07 
1.708818e-07 
1.681241e-07 
1.654217e-07 
1.627735e-07 
1.601780e-07 
1.576341e-07 
1.551406e-07 
1.526962e-07 
1.502998e-07 
1.479503e-07 
1.456465e-07 
1.433875e-07 
1.411722e-07 
1.389995e-07 
1.368686e-07 
1.347784e-07 
1.327280e-07 
1.307165e-07 
1.287431e-07 
1.268069e-07 
1.249070e-07 
1.230427e-07 
1.212130e-07 
1.194174e-07 
1.176550e-07 
1.159251e-07 
1.142269e-07 
1.125598e-07 
1.109231e-07 
1.093162e-07 
1.077383e-07 
1.061890e-07 
1.046675e-07 
1.031732e-07 
1.017056e-07 
1.002641e-07 
9.884820e-08 
9.745730e-08 
9.609088e-08 
9.474843e-08 
9.342946e-08 
9.213347e-08 
9.085998e-08 
8.960853e-08 
8.837867e-08 
8.716995e-08 
8.598193e-08 
8.481420e-08 
8.366633e-08 
8.253794e-08 
8.142861e-08 
8.033798e-08 
7.926565e-08 
7.821127e-08 
7.717448e-08 
7.615493e-08 
7.515227e-08 
7.416617e-08 
7.319630e-08 
7.224235e-08 
7.130400e-08 
7.038095e-08 
6.947290e-08 
6.857957e-08 
6.770065e-08 
6.683588e-08 
6.598499e-08 
6.514771e-08 
6.432377e-08 
6.351271e-08 
6.271448e-08 
6.192887e-08 
6.115563e-08 
6.039452e-08 
5.964531e-08 
5.890779e-08 
5.818173e-08 
5.746693e-08 
5.676316e-08 
5.607023e-08 
5.538794e-08 
5.471608e-08 
5.405448e-08 
5.340293e-08 
5.276127e-08 
5.212930e-08 
5.150685e-08 
5.089375e-08 
5.028984e-08 
4.969493e-08 
4.910889e-08 
4.853154e-08 
4.796273e-08 
4.740231e-08 
4.685013e-08 
4.630605e-08 
4.576992e-08 
4.524160e-08 
4.472097e-08 
4.420787e-08 
4.370219e-08 
4.320379e-08 
4.271255e-08 
4.222834e-08 
4.175105e-08 
4.128055e-08 
4.081673e-08 
4.035948e-08 
3.990867e-08 
3.946422e-08 
3.902600e-08 
3.859391e-08 
3.816785e-08 
3.774772e-08 
3.733342e-08 
3.692485e-08 
3.652191e-08 
3.612452e-08 
3.573259e-08 
3.534601e-08 
3.496471e-08 
3.458859e-08 
3.421758e-08 
3.385159e-08 
3.349054e-08 
3.313435e-08 
3.278293e-08 
3.243622e-08 
3.209413e-08 
3.175660e-08 
3.142355e-08 
3.109491e-08 
3.077061e-08 
3.045058e-08 
3.013475e-08 
2.982305e-08 
2.951543e-08 
2.921182e-08 
2.891215e-08 
2.861636e-08 
2.832440e-08 
2.803620e-08 
2.775170e-08 
2.747086e-08 
2.719360e-08 
2.691989e-08 
2.664965e-08 
2.638285e-08 
2.611942e-08 
2.585932e-08 
2.560249e-08 
2.534889e-08 
2.509847e-08 
2.485117e-08 
2.460696e-08 
2.436579e-08 
2.412760e-08 
2.389237e-08 
2.366003e-08 
2.343056e-08 
2.320390e-08 
2.298002e-08 
2.275887e-08 
2.254042e-08 
2.232463e-08 
2.211145e-08 
2.190085e-08 
2.169279e-08 
2.148724e-08 
2.128423e-08 
2.108365e-08 
2.088547e-08 
2.068966e-08 
2.049617e-08 
2.030497e-08 
2.011604e-08 
1.992933e-08 
1.974483e-08 
1.956249e-08 
1.938229e-08 
1.920420e-08 
1.902818e-08 
1.885421e-08 
1.868226e-08 
1.851230e-08 
1.834431e-08 
1.817825e-08 
1.801411e-08 
1.785184e-08 
1.769144e-08 
1.753286e-08 
1.737609e-08 
1.722111e-08 
1.706788e-08 
1.691639e-08 
1.676661e-08 
1.661851e-08 
1.647208e-08 
1.632729e-08 
1.618412e-08 
1.604255e-08 
1.590255e-08 
1.576411e-08 
1.562721e-08 
1.549182e-08 
1.535792e-08 
1.522550e-08 
1.509454e-08 
1.496501e-08 
1.483689e-08 
1.471018e-08 
1.458484e-08 
1.446087e-08 
1.433824e-08 
1.421694e-08 
1.409694e-08 
1.397824e-08 
1.386082e-08 
1.374465e-08 
1.362973e-08 
1.351604e-08 
1.340355e-08 
1.329226e-08 
1.318215e-08 
1.307321e-08 
1.296542e-08 
1.285876e-08 
1.275323e-08 
1.264880e-08 
1.254547e-08 
1.244322e-08 
1.234203e-08 
1.224189e-08 
1.214280e-08 
1.204473e-08 
1.194768e-08 
1.185162e-08 
1.175656e-08 
1.166247e-08 
1.156935e-08 
1.147718e-08 
1.138595e-08 
1.129565e-08 
1.120627e-08 
1.111779e-08 
1.103021e-08 
1.094352e-08 
1.085770e-08 
1.077274e-08 
1.068864e-08 
1.060538e-08 
1.052295e-08 
1.044134e-08 
1.036055e-08 
1.028056e-08 
1.020136e-08 
1.012295e-08 
1.004531e-08 
9.968434e-09 
9.892316e-09 
9.816946e-09 
9.742315e-09 
9.668413e-09 
9.595232e-09 
9.522764e-09 
9.451001e-09 
9.379933e-09 
9.309554e-09 
9.239854e-09 
9.170808e-09 
9.102427e-09 
9.034702e-09 
8.967626e-09 
8.901193e-09 
8.835394e-09 
8.770221e-09 
8.705669e-09 
8.641729e-09 
8.578396e-09 
8.515661e-09 
8.453518e-09 
8.391960e-09 
8.330982e-09 
8.270575e-09 
8.210734e-09 
8.151452e-09 
8.092723e-09 
8.034541e-09 
7.976899e-09 
7.919793e-09 
7.863214e-09 
7.807159e-09 
7.751620e-09 
7.696592e-09 
7.642070e-09 
7.588048e-09 
7.534520e-09 
7.481481e-09 
7.428925e-09 
7.376848e-09 
7.325244e-09 
7.274107e-09 
7.223433e-09 
7.173217e-09 
7.123453e-09 
7.074137e-09 
7.025264e-09 
6.976829e-09 
6.928827e-09 
6.881254e-09 
6.834105e-09 
6.787375e-09 
6.741061e-09 
6.695156e-09 
6.649658e-09 
6.604562e-09 
6.559863e-09 
6.515558e-09 
6.471642e-09 
6.428110e-09 
6.384960e-09 
6.342186e-09 
6.299785e-09 
6.257754e-09 
6.216087e-09 
6.174782e-09 
6.133834e-09 
6.093240e-09 
6.052996e-09 
6.013099e-09 
5.973544e-09 
5.934329e-09 
5.895449e-09 
5.856902e-09 
5.818683e-09 
5.780790e-09 
5.743219e-09 
5.705967e-09 
5.669030e-09 
5.632406e-09 
5.596091e-09 
5.560082e-09 
5.524376e-09 
5.488969e-09 
5.453859e-09 
5.419043e-09 
5.384518e-09 
5.350280e-09 
5.316328e-09 
5.282657e-09 
5.249266e-09 
5.216151e-09 
5.183310e-09 
5.150740e-09 
5.118438e-09 
5.086401e-09 
5.054628e-09 
5.023115e-09 
4.991859e-09 
4.960859e-09 
4.930111e-09 
4.899614e-09 
4.869364e-09 
4.839359e-09 
4.809598e-09 
4.780076e-09 
4.750793e-09 
4.721746e-09 
4.692932e-09 
4.664354e-09 
4.636004e-09 
4.607881e-09 
4.579982e-09 
4.552306e-09 
4.524850e-09 
4.497612e-09 
4.470590e-09 
4.443782e-09 
4.417186e-09 
4.390799e-09 
4.364621e-09 
4.338648e-09 
4.312879e-09 
4.287312e-09 
4.261945e-09 
4.236776e-09 
4.211804e-09 
4.187026e-09 
4.162440e-09 
4.138045e-09 
4.113839e-09 
4.089820e-09 
4.065987e-09 
4.042337e-09 
4.018870e-09 
3.995582e-09 
3.972473e-09 
3.949541e-09 
3.926784e-09 
3.904201e-09 
3.881790e-09 
3.859550e-09 
3.837478e-09 
3.815574e-09 
3.793835e-09 
3.772261e-09 
3.750849e-09 
3.729599e-09 
3.708508e-09 
3.687576e-09 
3.666801e-09 
3.646181e-09 
3.625715e-09 
3.605402e-09 
3.585240e-09 
3.565228e-09 
3.545364e-09 
3.525648e-09 
3.506078e-09 
3.486652e-09 
3.467369e-09 
3.448228e-09 
3.429229e-09 
3.410368e-09 
3.391646e-09 
3.373061e-09 
3.354611e-09 
3.336296e-09 
3.318115e-09 
3.300065e-09 
3.282147e-09 
3.264358e-09 
3.246698e-09 
3.229166e-09 
3.211760e-09 
3.194480e-09 
3.177324e-09 
3.160291e-09 
3.143380e-09 
3.126590e-09 
3.109920e-09 
3.093369e-09 
3.076936e-09 
3.060619e-09 
3.044419e-09 
3.028334e-09 
3.012362e-09 
2.996503e-09 
2.980756e-09 
2.965120e-09 
2.949594e-09 
2.934177e-09 
2.918869e-09 
2.903667e-09 
2.888572e-09 
2.873582e-09 
2.858697e-09 
2.843915e-09 
2.829236e-09 
2.814658e-09 
2.800182e-09 
2.785806e-09 
2.771529e-09 
2.757351e-09 
2.743270e-09 
2.729286e-09 
2.715398e-09 
2.701606e-09 
2.687907e-09 
2.674303e-09 
2.660791e-09 
2.647371e-09 
2.634042e-09 
2.620804e-09 
2.607656e-09 
2.594597e-09 
2.581626e-09 
2.568743e-09 
2.555946e-09 
2.543236e-09 
2.530611e-09 
2.518071e-09 
2.505615e-09 
2.493242e-09 
2.480952e-09 
2.468744e-09 
2.456617e-09 
2.444571e-09 
2.432605e-09 
2.420718e-09 
2.408910e-09 
2.397180e-09 
2.385528e-09 
2.373952e-09 
2.362453e-09 
2.351029e-09 
2.339680e-09 
2.328405e-09 
2.317205e-09 
2.306077e-09 
2.295022e-09 
2.284040e-09 
2.273128e-09 
2.262288e-09 
2.251518e-09 
2.240817e-09 
2.230186e-09 
2.219623e-09 
2.209129e-09 
2.198702e-09 
2.188343e-09 
2.178049e-09 
2.167822e-09 
2.157661e-09 
2.147564e-09 
2.137532e-09 
2.127563e-09 
2.117659e-09 
2.107817e-09 
2.098037e-09 
2.088320e-09 
2.078664e-09 
2.069069e-09 
2.059535e-09 
2.050061e-09 
2.040647e-09 
2.031291e-09 
2.021995e-09 
2.012756e-09 
2.003576e-09 
1.994453e-09 
1.985386e-09 
1.976377e-09 
1.967423e-09 
1.958525e-09 
1.949682e-09 
1.940894e-09 
1.932160e-09 
1.923481e-09 
1.914855e-09 
1.906282e-09 
1.897762e-09 
1.889294e-09 
1.880878e-09 
1.872514e-09 
1.864200e-09 
1.855938e-09 
1.847726e-09 
1.839564e-09 
1.831452e-09 
1.823389e-09 
1.815375e-09 
1.807410e-09 
1.799493e-09 
1.791623e-09 
1.783801e-09 
1.776026e-09 
1.768299e-09 
1.760617e-09 
1.752982e-09 
1.745392e-09 
1.737848e-09 
1.730348e-09 
1.722894e-09 
1.715484e-09 
1.708118e-09 
1.700796e-09 
1.693517e-09 
1.686282e-09 
1.679088e-09 
1.671936e-09 
1.664827e-09 
1.657760e-09 
1.650734e-09 
1.643750e-09 
1.636806e-09 
1.629904e-09 
1.623041e-09 
1.616219e-09 
1.609437e-09 
1.602694e-09 
1.595991e-09 
1.589326e-09 
1.582700e-09 
1.576113e-09 
1.569564e-09 
1.563053e-09 
1.556579e-09 
1.550143e-09 
1.543744e-09 
1.537381e-09 
1.531055e-09 
1.524766e-09 
1.518512e-09 
1.512295e-09 
1.506113e-09 
1.499966e-09 
1.493854e-09 
1.487777e-09 
1.481734e-09 
1.475726e-09 
1.469752e-09 
1.463812e-09 
1.457905e-09 
1.452032e-09 
1.446192e-09 
1.440385e-09 
1.434610e-09 
1.428868e-09 
1.423158e-09 
1.417480e-09 
1.411834e-09 
1.406219e-09 
1.400636e-09 
1.395084e-09 
1.389563e-09 
1.384072e-09 
1.378612e-09 
1.373182e-09 
1.367783e-09 
1.362413e-09 
1.357072e-09 
1.351762e-09 
1.346480e-09 
1.341228e-09 
1.336004e-09 
1.330809e-09 
1.325643e-09 
1.320505e-09 
1.315395e-09 
1.310313e-09 
1.305258e-09 
1.300231e-09 
1.295232e-09 
1.290259e-09 
1.285314e-09 
1.280395e-09 
1.275503e-09 
1.270637e-09 
1.265798e-09 
1.260985e-09 
1.256197e-09 
1.251436e-09 
1.246699e-09 
1.241989e-09 
1.237303e-09 
1.232643e-09 
1.228007e-09 
1.223397e-09 
1.218810e-09 
1.214248e-09 
1.209711e-09 
1.205197e-09 
1.200708e-09 
1.196242e-09 
1.191800e-09 
1.187381e-09 
1.182985e-09 
1.178613e-09 
1.174264e-09 
1.169937e-09 
1.165634e-09 
1.161352e-09 
1.157094e-09 
1.152857e-09 
1.148643e-09 
1.144450e-09 
1.140279e-09 
1.136131e-09 
1.132003e-09 
1.127897e-09 
1.123812e-09 
1.119749e-09 
1.115706e-09 
1.111685e-09 
1.107684e-09 
1.103703e-09 
1.099743e-09 
1.095804e-09 
1.091885e-09 
1.087985e-09 
1.084106e-09 
1.080246e-09 
1.076407e-09 
1.072586e-09 
1.068786e-09 
1.065004e-09 
1.061242e-09 
1.057499e-09 
1.053775e-09 
1.050069e-09 
1.046383e-09 
1.042715e-09 
1.039065e-09 
1.035434e-09 
1.031821e-09 
1.028226e-09 
1.024650e-09 
1.021091e-09 
1.017550e-09 
1.014027e-09 
1.010521e-09 
1.007033e-09 
1.003562e-09 
1.000108e-09 
9.966719e-10 
9.932526e-10 
9.898501e-10 
9.864646e-10 
9.830957e-10 
9.797435e-10 
9.764078e-10 
9.730885e-10 
9.697856e-10 
9.664989e-10 
9.632283e-10 
9.599738e-10 
9.567352e-10 
9.535124e-10 
9.503053e-10 
9.471139e-10 
9.439381e-10 
9.407777e-10 
9.376326e-10 
9.345029e-10 
9.313883e-10 
9.282888e-10 
9.252042e-10 
9.221346e-10 
9.190798e-10 
9.160397e-10 
9.130142e-10 
9.100033e-10 
9.070068e-10 
9.040248e-10 
9.010569e-10 
8.981033e-10 
8.951639e-10 
8.922384e-10 
8.893269e-10 
8.864292e-10 
8.835454e-10 
8.806752e-10 
8.778186e-10 
8.749756e-10 
8.721461e-10 
8.693299e-10 
8.665270e-10 
8.637373e-10 
8.609608e-10 
8.581973e-10 
8.554469e-10 
8.527093e-10 
8.499846e-10 
8.472726e-10 
8.445733e-10 
8.418867e-10 
8.392125e-10 
8.365509e-10 
8.339016e-10 
8.312646e-10 
8.286399e-10 
8.260274e-10 
8.234269e-10 
8.208386e-10 
8.182621e-10 
8.156976e-10 
8.131449e-10 
8.106039e-10 
