   5.06773071616e+07    5.06773071616e+09    5.06773071616e+06    1.76250000000e+00 
991 
1.548743e-03 
1.275152e-03 
1.067542e-03 
9.064141e-04 
7.789734e-04 
6.765273e-04 
5.929614e-04 
5.239284e-04 
4.662563e-04 
4.175944e-04 
3.761624e-04 
3.405987e-04 
3.098477e-04 
2.830801e-04 
2.596329e-04 
2.389834e-04 
2.207036e-04 
2.044443e-04 
1.899191e-04 
1.768898e-04 
1.651556e-04 
1.545525e-04 
1.449397e-04 
1.361971e-04 
1.282230e-04 
1.209300e-04 
1.142427e-04 
1.080952e-04 
1.024311e-04 
9.720139e-05 
9.236263e-05 
8.787648e-05 
8.370961e-05 
7.983257e-05 
7.621908e-05 
7.284573e-05 
6.969145e-05 
6.673791e-05 
6.396843e-05 
6.136801e-05 
5.892317e-05 
5.662155e-05 
5.445232e-05 
5.240552e-05 
5.047211e-05 
4.864386e-05 
4.691323e-05 
4.527327e-05 
4.371790e-05 
4.224140e-05 
4.083852e-05 
3.950445e-05 
3.823475e-05 
3.702530e-05 
3.587239e-05 
3.477255e-05 
3.372257e-05 
3.271948e-05 
3.176053e-05 
3.084313e-05 
2.996493e-05 
2.912374e-05 
2.831750e-05 
2.754432e-05 
2.680240e-05 
2.609008e-05 
2.540581e-05 
2.474810e-05 
2.411562e-05 
2.350710e-05 
2.292134e-05 
2.235722e-05 
2.181369e-05 
2.128976e-05 
2.078449e-05 
2.029701e-05 
1.982647e-05 
1.937211e-05 
1.893321e-05 
1.850906e-05 
1.809902e-05 
1.770246e-05 
1.731880e-05 
1.694749e-05 
1.658799e-05 
1.623981e-05 
1.590249e-05 
1.557557e-05 
1.525864e-05 
1.495129e-05 
1.465314e-05 
1.436382e-05 
1.408299e-05 
1.381032e-05 
1.354550e-05 
1.328822e-05 
1.303821e-05 
1.279518e-05 
1.255890e-05 
1.232910e-05 
1.210555e-05 
1.188804e-05 
1.167633e-05 
1.147024e-05 
1.126955e-05 
1.107409e-05 
1.088367e-05 
1.069812e-05 
1.051727e-05 
1.034098e-05 
1.016908e-05 
1.000143e-05 
9.837903e-06 
9.678351e-06 
9.522651e-06 
9.370680e-06 
9.222320e-06 
9.077457e-06 
8.935981e-06 
8.797786e-06 
8.662773e-06 
8.530845e-06 
8.401910e-06 
8.275876e-06 
8.152659e-06 
8.032174e-06 
7.914341e-06 
7.799083e-06 
7.686326e-06 
7.575998e-06 
7.468028e-06 
7.362352e-06 
7.258903e-06 
7.157618e-06 
7.058438e-06 
6.961307e-06 
6.866167e-06 
6.772965e-06 
6.681649e-06 
6.592168e-06 
6.504472e-06 
6.418516e-06 
6.334253e-06 
6.251639e-06 
6.170631e-06 
6.091188e-06 
6.013269e-06 
5.936837e-06 
5.861852e-06 
5.788279e-06 
5.716083e-06 
5.645230e-06 
5.575686e-06 
5.507420e-06 
5.440401e-06 
5.374597e-06 
5.309981e-06 
5.246523e-06 
5.184196e-06 
5.122974e-06 
5.062830e-06 
5.003740e-06 
4.945678e-06 
4.888621e-06 
4.832545e-06 
4.777429e-06 
4.723251e-06 
4.669989e-06 
4.617624e-06 
4.566134e-06 
4.515501e-06 
4.465706e-06 
4.416730e-06 
4.368556e-06 
4.321166e-06 
4.274543e-06 
4.228670e-06 
4.183533e-06 
4.139114e-06 
4.095399e-06 
4.052373e-06 
4.010021e-06 
3.968330e-06 
3.927286e-06 
3.886875e-06 
3.847086e-06 
3.807904e-06 
3.769317e-06 
3.731315e-06 
3.693884e-06 
3.657014e-06 
3.620694e-06 
3.584912e-06 
3.549657e-06 
3.514921e-06 
3.480692e-06 
3.446960e-06 
3.413717e-06 
3.380952e-06 
3.348656e-06 
3.316822e-06 
3.285439e-06 
3.254499e-06 
3.223995e-06 
3.193917e-06 
3.164259e-06 
3.135012e-06 
3.106168e-06 
3.077721e-06 
3.049663e-06 
3.021987e-06 
2.994686e-06 
2.967753e-06 
2.941182e-06 
2.914966e-06 
2.889100e-06 
2.863576e-06 
2.838389e-06 
2.813533e-06 
2.789002e-06 
2.764790e-06 
2.740892e-06 
2.717303e-06 
2.694018e-06 
2.671030e-06 
2.648335e-06 
2.625928e-06 
2.603805e-06 
2.581960e-06 
2.560389e-06 
2.539087e-06 
2.518050e-06 
2.497273e-06 
2.476752e-06 
2.456483e-06 
2.436462e-06 
2.416685e-06 
2.397148e-06 
2.377847e-06 
2.358778e-06 
2.339937e-06 
2.321321e-06 
2.302927e-06 
2.284750e-06 
2.266788e-06 
2.249037e-06 
2.231493e-06 
2.214154e-06 
2.197017e-06 
2.180077e-06 
2.163333e-06 
2.146781e-06 
2.130418e-06 
2.114241e-06 
2.098249e-06 
2.082437e-06 
2.066803e-06 
2.051344e-06 
2.036058e-06 
2.020943e-06 
2.005995e-06 
1.991212e-06 
1.976593e-06 
1.962133e-06 
1.947832e-06 
1.933687e-06 
1.919695e-06 
1.905854e-06 
1.892163e-06 
1.878618e-06 
1.865219e-06 
1.851962e-06 
1.838847e-06 
1.825870e-06 
1.813030e-06 
1.800325e-06 
1.787753e-06 
1.775312e-06 
1.763001e-06 
1.750817e-06 
1.738759e-06 
1.726826e-06 
1.715015e-06 
1.703324e-06 
1.691753e-06 
1.680299e-06 
1.668961e-06 
1.657738e-06 
1.646627e-06 
1.635627e-06 
1.624738e-06 
1.613957e-06 
1.603282e-06 
1.592714e-06 
1.582249e-06 
1.571887e-06 
1.561627e-06 
1.551467e-06 
1.541406e-06 
1.531442e-06 
1.521575e-06 
1.511802e-06 
1.502124e-06 
1.492538e-06 
1.483044e-06 
1.473640e-06 
1.464325e-06 
1.455098e-06 
1.445958e-06 
1.436904e-06 
1.427935e-06 
1.419049e-06 
1.410246e-06 
1.401525e-06 
1.392885e-06 
1.384324e-06 
1.375842e-06 
1.367437e-06 
1.359110e-06 
1.350858e-06 
1.342681e-06 
1.334578e-06 
1.326549e-06 
1.318591e-06 
1.310705e-06 
1.302890e-06 
1.295144e-06 
1.287467e-06 
1.279858e-06 
1.272317e-06 
1.264841e-06 
1.257432e-06 
1.250088e-06 
1.242807e-06 
1.235590e-06 
1.228436e-06 
1.221344e-06 
1.214313e-06 
1.207342e-06 
1.200432e-06 
1.193580e-06 
1.186787e-06 
1.180052e-06 
1.173374e-06 
1.166753e-06 
1.160187e-06 
1.153677e-06 
1.147221e-06 
1.140819e-06 
1.134471e-06 
1.128176e-06 
1.121933e-06 
1.115742e-06 
1.109601e-06 
1.103512e-06 
1.097472e-06 
1.091482e-06 
1.085540e-06 
1.079647e-06 
1.073802e-06 
1.068005e-06 
1.062254e-06 
1.056549e-06 
1.050890e-06 
1.045277e-06 
1.039708e-06 
1.034184e-06 
1.028704e-06 
1.023267e-06 
1.017873e-06 
1.012522e-06 
1.007213e-06 
1.001945e-06 
9.967190e-07 
9.915334e-07 
9.863883e-07 
9.812830e-07 
9.762173e-07 
9.711908e-07 
9.662030e-07 
9.612535e-07 
9.563419e-07 
9.514679e-07 
9.466310e-07 
9.418310e-07 
9.370673e-07 
9.323398e-07 
9.276479e-07 
9.229913e-07 
9.183697e-07 
9.137828e-07 
9.092301e-07 
9.047114e-07 
9.002262e-07 
8.957744e-07 
8.913555e-07 
8.869692e-07 
8.826152e-07 
8.782932e-07 
8.740028e-07 
8.697439e-07 
8.655159e-07 
8.613187e-07 
8.571520e-07 
8.530155e-07 
8.489088e-07 
8.448317e-07 
8.407839e-07 
8.367652e-07 
8.327751e-07 
8.288136e-07 
8.248802e-07 
8.209748e-07 
8.170971e-07 
8.132468e-07 
8.094236e-07 
8.056273e-07 
8.018577e-07 
7.981145e-07 
7.943974e-07 
7.907062e-07 
7.870407e-07 
7.834007e-07 
7.797858e-07 
7.761959e-07 
7.726307e-07 
7.690900e-07 
7.655737e-07 
7.620814e-07 
7.586129e-07 
7.551680e-07 
7.517466e-07 
7.483484e-07 
7.449731e-07 
7.416207e-07 
7.382908e-07 
7.349833e-07 
7.316980e-07 
7.284346e-07 
7.251931e-07 
7.219731e-07 
7.187745e-07 
7.155972e-07 
7.124408e-07 
7.093053e-07 
7.061905e-07 
7.030961e-07 
7.000220e-07 
6.969681e-07 
6.939341e-07 
6.909198e-07 
6.879252e-07 
6.849499e-07 
6.819940e-07 
6.790571e-07 
6.761392e-07 
6.732400e-07 
6.703594e-07 
6.674973e-07 
6.646535e-07 
6.618278e-07 
6.590201e-07 
6.562302e-07 
6.534581e-07 
6.507034e-07 
6.479661e-07 
6.452461e-07 
6.425431e-07 
6.398571e-07 
6.371879e-07 
6.345354e-07 
6.318994e-07 
6.292798e-07 
6.266765e-07 
6.240892e-07 
6.215180e-07 
6.189626e-07 
6.164230e-07 
6.138989e-07 
6.113904e-07 
6.088971e-07 
6.064191e-07 
6.039562e-07 
6.015083e-07 
5.990752e-07 
5.966568e-07 
5.942531e-07 
5.918639e-07 
5.894890e-07 
5.871284e-07 
5.847819e-07 
5.824495e-07 
5.801311e-07 
5.778264e-07 
5.755354e-07 
5.732581e-07 
5.709942e-07 
5.687437e-07 
5.665065e-07 
5.642825e-07 
5.620715e-07 
5.598736e-07 
5.576884e-07 
5.555161e-07 
5.533564e-07 
5.512093e-07 
5.490747e-07 
5.469524e-07 
5.448424e-07 
5.427446e-07 
5.406589e-07 
5.385852e-07 
5.365234e-07 
5.344734e-07 
5.324352e-07 
5.304086e-07 
5.283935e-07 
5.263899e-07 
5.243977e-07 
5.224168e-07 
5.204470e-07 
5.184884e-07 
5.165408e-07 
5.146042e-07 
5.126785e-07 
5.107635e-07 
5.088593e-07 
5.069656e-07 
5.050826e-07 
5.032100e-07 
5.013478e-07 
4.994959e-07 
4.976542e-07 
4.958228e-07 
4.940014e-07 
4.921900e-07 
4.903886e-07 
4.885970e-07 
4.868153e-07 
4.850433e-07 
4.832809e-07 
4.815281e-07 
4.797849e-07 
4.780511e-07 
4.763266e-07 
4.746115e-07 
4.729057e-07 
4.712090e-07 
4.695214e-07 
4.678429e-07 
4.661733e-07 
4.645127e-07 
4.628610e-07 
4.612180e-07 
4.595838e-07 
4.579582e-07 
4.563413e-07 
4.547329e-07 
4.531330e-07 
4.515415e-07 
4.499584e-07 
4.483836e-07 
4.468170e-07 
4.452587e-07 
4.437085e-07 
4.421663e-07 
4.406322e-07 
4.391061e-07 
4.375879e-07 
4.360775e-07 
4.345750e-07 
4.330802e-07 
4.315931e-07 
4.301136e-07 
4.286418e-07 
4.271774e-07 
4.257206e-07 
4.242712e-07 
4.228292e-07 
4.213946e-07 
4.199672e-07 
4.185471e-07 
4.171342e-07 
4.157284e-07 
4.143297e-07 
4.129380e-07 
4.115534e-07 
4.101757e-07 
4.088049e-07 
4.074409e-07 
4.060838e-07 
4.047335e-07 
4.033899e-07 
4.020529e-07 
4.007226e-07 
3.993989e-07 
3.980817e-07 
3.967711e-07 
3.954669e-07 
3.941691e-07 
3.928777e-07 
3.915926e-07 
3.903139e-07 
3.890413e-07 
3.877750e-07 
3.865149e-07 
3.852609e-07 
3.840130e-07 
3.827711e-07 
3.815353e-07 
3.803054e-07 
3.790815e-07 
3.778635e-07 
3.766513e-07 
3.754450e-07 
3.742444e-07 
3.730496e-07 
3.718605e-07 
3.706771e-07 
3.694994e-07 
3.683272e-07 
3.671606e-07 
3.659995e-07 
3.648439e-07 
3.636938e-07 
3.625492e-07 
3.614099e-07 
3.602760e-07 
3.591474e-07 
3.580241e-07 
3.569060e-07 
3.557932e-07 
3.546856e-07 
3.535832e-07 
3.524859e-07 
3.513937e-07 
3.503065e-07 
3.492244e-07 
3.481473e-07 
3.470752e-07 
3.460080e-07 
3.449458e-07 
3.438884e-07 
3.428359e-07 
3.417882e-07 
3.407453e-07 
3.397071e-07 
3.386737e-07 
3.376450e-07 
3.366210e-07 
3.356017e-07 
3.345869e-07 
3.335768e-07 
3.325712e-07 
3.315702e-07 
3.305737e-07 
3.295816e-07 
3.285941e-07 
3.276109e-07 
3.266322e-07 
3.256578e-07 
3.246878e-07 
3.237221e-07 
3.227608e-07 
3.218037e-07 
3.208508e-07 
3.199022e-07 
3.189578e-07 
3.180175e-07 
3.170814e-07 
3.161495e-07 
3.152216e-07 
3.142978e-07 
3.133781e-07 
3.124624e-07 
3.115507e-07 
3.106430e-07 
3.097392e-07 
3.088394e-07 
3.079435e-07 
3.070515e-07 
3.061634e-07 
3.052791e-07 
3.043987e-07 
3.035220e-07 
3.026492e-07 
3.017800e-07 
3.009147e-07 
3.000530e-07 
2.991951e-07 
2.983408e-07 
2.974901e-07 
2.966432e-07 
2.957998e-07 
2.949600e-07 
2.941238e-07 
2.932911e-07 
2.924619e-07 
2.916363e-07 
2.908142e-07 
2.899955e-07 
2.891803e-07 
2.883685e-07 
2.875601e-07 
2.867552e-07 
2.859536e-07 
2.851553e-07 
2.843604e-07 
2.835688e-07 
2.827806e-07 
2.819956e-07 
2.812138e-07 
2.804353e-07 
2.796601e-07 
2.788880e-07 
2.781192e-07 
2.773535e-07 
2.765910e-07 
2.758316e-07 
2.750753e-07 
2.743221e-07 
2.735721e-07 
2.728251e-07 
2.720811e-07 
2.713402e-07 
2.706024e-07 
2.698675e-07 
2.691356e-07 
2.684067e-07 
2.676807e-07 
2.669577e-07 
2.662376e-07 
2.655205e-07 
2.648062e-07 
2.640948e-07 
2.633862e-07 
2.626805e-07 
2.619777e-07 
2.612776e-07 
2.605804e-07 
2.598859e-07 
2.591943e-07 
2.585053e-07 
2.578192e-07 
2.571357e-07 
2.564550e-07 
2.557769e-07 
2.551016e-07 
2.544289e-07 
2.537589e-07 
2.530915e-07 
2.524267e-07 
2.517646e-07 
2.511051e-07 
2.504481e-07 
2.497937e-07 
2.491419e-07 
2.484927e-07 
2.478459e-07 
2.472017e-07 
2.465600e-07 
2.459208e-07 
2.452841e-07 
2.446499e-07 
2.440181e-07 
2.433887e-07 
2.427618e-07 
2.421373e-07 
2.415152e-07 
2.408955e-07 
2.402782e-07 
2.396633e-07 
2.390507e-07 
2.384404e-07 
2.378325e-07 
2.372269e-07 
2.366237e-07 
2.360227e-07 
2.354240e-07 
2.348276e-07 
2.342334e-07 
2.336415e-07 
2.330519e-07 
2.324644e-07 
2.318792e-07 
2.312962e-07 
2.307154e-07 
2.301368e-07 
2.295603e-07 
2.289861e-07 
2.284139e-07 
2.278439e-07 
2.272761e-07 
2.267103e-07 
2.261467e-07 
2.255852e-07 
2.250257e-07 
2.244684e-07 
2.239131e-07 
2.233598e-07 
2.228086e-07 
2.222595e-07 
2.217124e-07 
2.211672e-07 
2.206241e-07 
2.200830e-07 
2.195439e-07 
2.190068e-07 
2.184716e-07 
2.179384e-07 
2.174072e-07 
2.168779e-07 
2.163505e-07 
2.158250e-07 
2.153015e-07 
2.147798e-07 
2.142600e-07 
2.137422e-07 
2.132262e-07 
2.127120e-07 
2.121998e-07 
2.116894e-07 
2.111808e-07 
2.106740e-07 
2.101691e-07 
2.096660e-07 
2.091646e-07 
2.086651e-07 
2.081674e-07 
2.076714e-07 
2.071773e-07 
2.066848e-07 
2.061942e-07 
2.057053e-07 
2.052181e-07 
2.047326e-07 
2.042489e-07 
2.037669e-07 
2.032865e-07 
2.028079e-07 
2.023310e-07 
2.018557e-07 
2.013821e-07 
2.009102e-07 
2.004400e-07 
1.999714e-07 
1.995044e-07 
1.990391e-07 
1.985753e-07 
1.981133e-07 
1.976528e-07 
1.971939e-07 
1.967366e-07 
1.962809e-07 
1.958268e-07 
1.953743e-07 
1.949233e-07 
1.944739e-07 
1.940261e-07 
1.935797e-07 
1.931350e-07 
1.926917e-07 
1.922500e-07 
1.918098e-07 
1.913711e-07 
1.909339e-07 
1.904982e-07 
1.900640e-07 
1.896313e-07 
1.892001e-07 
1.887703e-07 
1.883420e-07 
1.879152e-07 
1.874897e-07 
1.870658e-07 
1.866433e-07 
1.862222e-07 
1.858025e-07 
1.853842e-07 
1.849674e-07 
1.845520e-07 
1.841379e-07 
1.837253e-07 
1.833140e-07 
1.829041e-07 
1.824956e-07 
1.820885e-07 
1.816827e-07 
1.812783e-07 
1.808752e-07 
1.804734e-07 
1.800730e-07 
1.796740e-07 
1.792762e-07 
1.788798e-07 
1.784847e-07 
1.780909e-07 
1.776984e-07 
1.773072e-07 
1.769173e-07 
1.765286e-07 
1.761413e-07 
1.757552e-07 
1.753704e-07 
1.749869e-07 
1.746046e-07 
1.742235e-07 
1.738437e-07 
1.734652e-07 
1.730879e-07 
1.727118e-07 
1.723369e-07 
1.719633e-07 
1.715908e-07 
1.712196e-07 
1.708496e-07 
1.704808e-07 
1.701132e-07 
1.697467e-07 
1.693815e-07 
1.690174e-07 
1.686545e-07 
1.682928e-07 
1.679322e-07 
1.675728e-07 
1.672145e-07 
1.668574e-07 
1.665014e-07 
1.661466e-07 
1.657929e-07 
1.654403e-07 
1.650888e-07 
1.647385e-07 
1.643893e-07 
1.640412e-07 
1.636942e-07 
1.633483e-07 
1.630035e-07 
1.626597e-07 
1.623171e-07 
1.619756e-07 
1.616351e-07 
1.612957e-07 
1.609573e-07 
1.606201e-07 
1.602839e-07 
1.599487e-07 
1.596146e-07 
1.592815e-07 
1.589495e-07 
1.586185e-07 
1.582886e-07 
1.579597e-07 
1.576318e-07 
1.573049e-07 
1.569790e-07 
1.566542e-07 
1.563303e-07 
1.560075e-07 
1.556856e-07 
1.553648e-07 
1.550449e-07 
1.547261e-07 
1.544082e-07 
1.540913e-07 
1.537753e-07 
1.534604e-07 
1.531464e-07 
1.528334e-07 
1.525213e-07 
1.522102e-07 
1.519000e-07 
1.515908e-07 
1.512825e-07 
1.509752e-07 
1.506688e-07 
1.503633e-07 
1.500587e-07 
1.497551e-07 
1.494524e-07 
1.491507e-07 
1.488498e-07 
1.485498e-07 
1.482508e-07 
1.479526e-07 
1.476554e-07 
1.473590e-07 
1.470636e-07 
1.467690e-07 
1.464753e-07 
1.461825e-07 
1.537731e-04 
1.069056e-04 
7.666875e-05 
5.641357e-05 
4.241408e-05 
3.247957e-05 
2.527043e-05 
1.994095e-05 
1.593619e-05 
1.288233e-05 
1.052243e-05 
8.676544e-06 
7.216363e-06 
6.049326e-06 
5.107748e-06 
4.341472e-06 
3.712867e-06 
3.193384e-06 
2.761134e-06 
2.399176e-06 
2.094276e-06 
1.836011e-06 
1.616113e-06 
1.427969e-06 
1.266254e-06 
1.126656e-06 
1.005656e-06 
9.003735e-07 
8.084307e-07 
7.278595e-07 
6.570209e-07 
5.945436e-07 
5.392772e-07 
4.902506e-07 
4.466414e-07 
4.077504e-07 
3.729812e-07 
3.418232e-07 
3.138379e-07 
2.886472e-07 
2.659246e-07 
2.453871e-07 
2.267884e-07 
2.099142e-07 
1.945770e-07 
1.806127e-07 
1.678771e-07 
1.562435e-07 
1.455998e-07 
1.358472e-07 
1.268981e-07 
1.186750e-07 
1.111083e-07 
1.041366e-07 
9.770469e-08 
9.176347e-08 
8.626888e-08 
8.118139e-08 
7.646547e-08 
7.208917e-08 
6.802366e-08 
6.424292e-08 
6.072343e-08 
5.744392e-08 
5.438506e-08 
5.152935e-08 
4.886086e-08 
4.636509e-08 
4.402884e-08 
4.184006e-08 
3.978776e-08 
3.786181e-08 
3.605308e-08 
3.435313e-08 
3.275423e-08 
3.124927e-08 
2.983172e-08 
2.849557e-08 
2.723528e-08 
2.604574e-08 
2.492225e-08 
2.386046e-08 
2.285634e-08 
2.190619e-08 
2.100655e-08 
2.015423e-08 
1.934629e-08 
1.857996e-08 
1.785270e-08 
1.716214e-08 
1.650608e-08 
1.588247e-08 
1.528938e-08 
1.472504e-08 
1.418777e-08 
1.367603e-08 
1.318836e-08 
1.272341e-08 
1.227991e-08 
1.185668e-08 
1.145260e-08 
1.106664e-08 
1.069783e-08 
1.034525e-08 
1.000804e-08 
9.685398e-09 
9.376569e-09 
9.080840e-09 
8.797545e-09 
8.526054e-09 
8.265775e-09 
8.016150e-09 
7.776653e-09 
7.546790e-09 
7.326093e-09 
7.114121e-09 
6.910456e-09 
6.714707e-09 
6.526501e-09 
6.345485e-09 
6.171329e-09 
6.003717e-09 
5.842351e-09 
5.686950e-09 
5.537245e-09 
5.392983e-09 
5.253924e-09 
5.119840e-09 
4.990514e-09 
4.865742e-09 
4.745328e-09 
4.629086e-09 
4.516840e-09 
4.408423e-09 
4.303676e-09 
4.202446e-09 
4.104589e-09 
4.009969e-09 
3.918454e-09 
3.829919e-09 
3.744245e-09 
3.661318e-09 
3.581032e-09 
3.503283e-09 
3.427973e-09 
3.355008e-09 
3.284298e-09 
3.215759e-09 
3.149308e-09 
3.084866e-09 
3.022360e-09 
2.961717e-09 
2.902869e-09 
2.845751e-09 
2.790299e-09 
2.736454e-09 
2.684158e-09 
2.633356e-09 
2.583994e-09 
2.536023e-09 
2.489394e-09 
2.444060e-09 
2.399977e-09 
2.357101e-09 
2.315391e-09 
2.274808e-09 
2.235314e-09 
2.196873e-09 
2.159449e-09 
2.123008e-09 
2.087519e-09 
2.052950e-09 
2.019271e-09 
1.986454e-09 
1.954471e-09 
1.923295e-09 
1.892900e-09 
1.863263e-09 
1.834358e-09 
1.806164e-09 
1.778658e-09 
1.751819e-09 
1.725626e-09 
1.700060e-09 
1.675102e-09 
1.650733e-09 
1.626936e-09 
1.603693e-09 
1.580989e-09 
1.558807e-09 
1.537132e-09 
1.515951e-09 
1.495247e-09 
1.475008e-09 
1.455219e-09 
1.435869e-09 
1.416943e-09 
1.398432e-09 
1.380322e-09 
1.362603e-09 
1.345263e-09 
1.328293e-09 
1.311682e-09 
1.295421e-09 
1.279500e-09 
1.263909e-09 
1.248640e-09 
1.233684e-09 
1.219034e-09 
1.204680e-09 
1.190615e-09 
1.176832e-09 
1.163322e-09 
1.150080e-09 
1.137098e-09 
1.124370e-09 
1.111888e-09 
1.099647e-09 
1.087641e-09 
1.075864e-09 
1.064310e-09 
1.052973e-09 
1.041849e-09 
1.030931e-09 
1.020216e-09 
1.009697e-09 
9.993701e-10 
9.892310e-10 
9.792749e-10 
9.694975e-10 
9.598945e-10 
9.504617e-10 
9.411952e-10 
9.320911e-10 
9.231456e-10 
9.143550e-10 
9.057157e-10 
8.972243e-10 
8.888774e-10 
8.806716e-10 
8.726039e-10 
8.646711e-10 
8.568701e-10 
8.491980e-10 
8.416520e-10 
8.342293e-10 
8.269271e-10 
8.197429e-10 
8.126740e-10 
8.057179e-10 
7.988723e-10 
7.921347e-10 
7.855029e-10 
7.789745e-10 
7.725474e-10 
7.662195e-10 
7.599886e-10 
7.538528e-10 
7.478100e-10 
7.418584e-10 
7.359961e-10 
7.302212e-10 
7.245319e-10 
7.189265e-10 
7.134034e-10 
7.079608e-10 
7.025971e-10 
6.973108e-10 
6.921003e-10 
6.869642e-10 
6.819009e-10 
6.769091e-10 
6.719872e-10 
6.671341e-10 
6.623484e-10 
6.576286e-10 
6.529737e-10 
6.483824e-10 
6.438533e-10 
6.393855e-10 
6.349777e-10 
6.306287e-10 
6.263376e-10 
6.221031e-10 
6.179244e-10 
6.138003e-10 
6.097298e-10 
6.057120e-10 
6.017459e-10 
5.978306e-10 
5.939651e-10 
5.901478e-10 
5.863786e-10 
5.826566e-10 
5.789811e-10 
5.753512e-10 
5.717660e-10 
5.682249e-10 
5.647270e-10 
5.612716e-10 
5.578580e-10 
5.544854e-10 
5.511532e-10 
5.478606e-10 
5.446070e-10 
5.413918e-10 
5.382142e-10 
5.350736e-10 
5.319695e-10 
5.289012e-10 
5.258681e-10 
5.228697e-10 
5.199054e-10 
5.169746e-10 
5.140768e-10 
5.112114e-10 
5.083779e-10 
5.055759e-10 
5.028047e-10 
5.000640e-10 
4.973532e-10 
4.946718e-10 
4.920195e-10 
4.893957e-10 
4.867999e-10 
4.842319e-10 
4.816910e-10 
4.791770e-10 
4.766894e-10 
4.742277e-10 
4.717917e-10 
4.693809e-10 
4.669949e-10 
4.646333e-10 
4.622959e-10 
4.599821e-10 
4.576918e-10 
4.554244e-10 
4.531798e-10 
4.509575e-10 
4.487573e-10 
4.465787e-10 
4.444216e-10 
4.422855e-10 
4.401702e-10 
4.380754e-10 
4.360008e-10 
4.339461e-10 
4.319110e-10 
4.298953e-10 
4.278986e-10 
4.259207e-10 
4.239614e-10 
4.220204e-10 
4.200974e-10 
4.181921e-10 
4.163044e-10 
4.144341e-10 
4.125807e-10 
4.107442e-10 
4.089244e-10 
4.071208e-10 
4.053335e-10 
4.035621e-10 
4.018064e-10 
4.000663e-10 
3.983415e-10 
3.966317e-10 
3.949370e-10 
3.932569e-10 
3.915914e-10 
3.899402e-10 
3.883031e-10 
3.866801e-10 
3.850708e-10 
3.834752e-10 
3.818930e-10 
3.803241e-10 
3.787683e-10 
3.772254e-10 
3.756954e-10 
3.741779e-10 
3.726730e-10 
3.711803e-10 
3.696998e-10 
3.682313e-10 
3.667747e-10 
3.653298e-10 
3.638964e-10 
3.624745e-10 
3.610639e-10 
3.596648e-10 
3.582767e-10 
3.568994e-10 
3.555330e-10 
3.541771e-10 
3.528318e-10 
3.514969e-10 
3.501722e-10 
3.488576e-10 
3.475531e-10 
3.462585e-10 
3.449736e-10 
3.436985e-10 
3.424329e-10 
3.411767e-10 
3.399299e-10 
3.386924e-10 
3.374640e-10 
3.362446e-10 
3.350341e-10 
3.338325e-10 
3.326396e-10 
3.314553e-10 
3.302796e-10 
3.291123e-10 
3.279533e-10 
3.268026e-10 
3.256601e-10 
3.245257e-10 
3.233992e-10 
3.222807e-10 
3.211699e-10 
3.200669e-10 
3.189716e-10 
3.178838e-10 
3.168035e-10 
3.157306e-10 
3.146651e-10 
3.136068e-10 
3.125556e-10 
3.115116e-10 
3.104746e-10 
3.094446e-10 
3.084214e-10 
3.074050e-10 
3.063954e-10 
3.053925e-10 
3.043961e-10 
3.034063e-10 
3.024230e-10 
3.014461e-10 
3.004755e-10 
2.995112e-10 
2.985531e-10 
2.976011e-10 
2.966552e-10 
2.957154e-10 
2.947815e-10 
2.938536e-10 
2.929315e-10 
2.920151e-10 
2.911046e-10 
2.901997e-10 
2.893004e-10 
2.884067e-10 
2.875185e-10 
2.866358e-10 
2.857585e-10 
2.848866e-10 
2.840200e-10 
2.831586e-10 
2.823025e-10 
2.814515e-10 
2.806056e-10 
2.797648e-10 
2.789290e-10 
2.780982e-10 
2.772723e-10 
2.764513e-10 
2.756351e-10 
2.748237e-10 
2.740171e-10 
2.732152e-10 
2.724179e-10 
2.716252e-10 
2.708372e-10 
2.700536e-10 
2.692746e-10 
2.685000e-10 
2.677298e-10 
2.669640e-10 
2.662025e-10 
2.654454e-10 
2.646924e-10 
2.639438e-10 
2.631993e-10 
2.624589e-10 
2.617227e-10 
2.609905e-10 
2.602624e-10 
2.595382e-10 
2.588180e-10 
2.581018e-10 
2.573894e-10 
2.566809e-10 
2.559763e-10 
2.552754e-10 
2.545784e-10 
2.538850e-10 
2.531954e-10 
2.525095e-10 
2.518273e-10 
2.511486e-10 
2.504736e-10 
2.498021e-10 
2.491342e-10 
2.484697e-10 
2.478088e-10 
2.471513e-10 
2.464972e-10 
2.458465e-10 
2.451991e-10 
2.445552e-10 
2.439145e-10 
2.432771e-10 
2.426430e-10 
2.420121e-10 
2.413844e-10 
2.407599e-10 
2.401385e-10 
2.395203e-10 
2.389052e-10 
2.382932e-10 
2.376843e-10 
2.370783e-10 
2.364754e-10 
2.358755e-10 
2.352786e-10 
2.346846e-10 
2.340935e-10 
2.335053e-10 
2.329200e-10 
2.323376e-10 
2.317580e-10 
2.311812e-10 
2.306072e-10 
2.300360e-10 
2.294675e-10 
2.289018e-10 
2.283387e-10 
2.277784e-10 
2.272207e-10 
2.266657e-10 
2.261133e-10 
2.255635e-10 
2.250163e-10 
2.244717e-10 
2.239296e-10 
2.233901e-10 
2.228531e-10 
2.223186e-10 
2.217866e-10 
2.212570e-10 
2.207299e-10 
2.202052e-10 
2.196829e-10 
2.191631e-10 
2.186456e-10 
2.181304e-10 
2.176176e-10 
2.171072e-10 
2.165990e-10 
2.160931e-10 
2.155896e-10 
2.150882e-10 
2.145892e-10 
2.140923e-10 
2.135977e-10 
2.131053e-10 
2.126150e-10 
2.121270e-10 
2.116411e-10 
2.111573e-10 
2.106757e-10 
2.101961e-10 
2.097187e-10 
2.092434e-10 
2.087701e-10 
2.082989e-10 
2.078297e-10 
2.073626e-10 
2.068974e-10 
2.064343e-10 
2.059732e-10 
2.055140e-10 
2.050568e-10 
2.046015e-10 
2.041482e-10 
2.036968e-10 
2.032474e-10 
2.027998e-10 
2.023541e-10 
2.019103e-10 
2.014684e-10 
2.010283e-10 
2.005901e-10 
2.001536e-10 
1.997190e-10 
1.992862e-10 
1.988552e-10 
1.984260e-10 
1.979985e-10 
1.975728e-10 
1.971488e-10 
1.967266e-10 
1.963061e-10 
1.958873e-10 
1.954702e-10 
1.950547e-10 
1.946410e-10 
1.942290e-10 
1.938185e-10 
1.934098e-10 
1.930027e-10 
1.925972e-10 
1.921933e-10 
1.917910e-10 
1.913904e-10 
1.909913e-10 
1.905938e-10 
1.901978e-10 
1.898035e-10 
1.894106e-10 
1.890193e-10 
1.886296e-10 
1.882413e-10 
1.878546e-10 
1.874694e-10 
1.870857e-10 
1.867034e-10 
1.863226e-10 
1.859433e-10 
1.855655e-10 
1.851891e-10 
1.848141e-10 
1.844406e-10 
1.840685e-10 
1.836978e-10 
1.833285e-10 
1.829606e-10 
1.825941e-10 
1.822290e-10 
1.818653e-10 
1.815029e-10 
1.811419e-10 
1.807822e-10 
1.804239e-10 
1.800669e-10 
1.797113e-10 
1.793569e-10 
1.790039e-10 
1.786522e-10 
1.783017e-10 
1.779526e-10 
1.776047e-10 
1.772582e-10 
1.769128e-10 
1.765688e-10 
1.762260e-10 
1.758844e-10 
1.755441e-10 
1.752050e-10 
1.748672e-10 
1.745305e-10 
1.741951e-10 
1.738609e-10 
1.735278e-10 
1.731960e-10 
1.728653e-10 
1.725359e-10 
1.722076e-10 
1.718804e-10 
1.715544e-10 
1.712296e-10 
1.709059e-10 
1.705834e-10 
1.702620e-10 
1.699417e-10 
1.696226e-10 
1.693045e-10 
1.689876e-10 
1.686718e-10 
1.683570e-10 
1.680434e-10 
1.677308e-10 
1.674194e-10 
1.671090e-10 
1.667996e-10 
1.664914e-10 
1.661842e-10 
1.658780e-10 
1.655729e-10 
1.652688e-10 
1.649658e-10 
1.646638e-10 
1.643628e-10 
1.640628e-10 
1.637639e-10 
1.634659e-10 
1.631690e-10 
1.628731e-10 
1.625781e-10 
1.622841e-10 
1.619912e-10 
1.616992e-10 
1.614081e-10 
1.611181e-10 
1.608290e-10 
1.605408e-10 
1.602537e-10 
1.599674e-10 
1.596821e-10 
1.593978e-10 
1.591143e-10 
1.588319e-10 
1.585503e-10 
1.582696e-10 
1.579899e-10 
1.577111e-10 
1.574332e-10 
1.571561e-10 
1.568800e-10 
1.566048e-10 
1.563304e-10 
1.560570e-10 
1.557844e-10 
1.555127e-10 
1.552419e-10 
1.549719e-10 
1.547028e-10 
1.544346e-10 
1.541672e-10 
1.539006e-10 
1.536349e-10 
1.533701e-10 
1.531061e-10 
1.528429e-10 
1.525805e-10 
1.523190e-10 
1.520583e-10 
1.517984e-10 
1.515393e-10 
1.512810e-10 
1.510236e-10 
1.507669e-10 
1.505110e-10 
1.502560e-10 
1.500017e-10 
1.497482e-10 
1.494955e-10 
1.492435e-10 
1.489924e-10 
1.487420e-10 
1.484924e-10 
1.482435e-10 
1.479954e-10 
1.477481e-10 
1.475015e-10 
1.472557e-10 
1.470106e-10 
1.467663e-10 
1.465227e-10 
1.462798e-10 
1.460377e-10 
1.457963e-10 
1.455556e-10 
1.453157e-10 
1.450764e-10 
1.448379e-10 
1.446001e-10 
1.443630e-10 
1.441266e-10 
1.438910e-10 
1.436560e-10 
1.434217e-10 
1.431881e-10 
1.429552e-10 
1.427230e-10 
1.424915e-10 
1.422606e-10 
1.420305e-10 
1.418010e-10 
1.415722e-10 
1.413440e-10 
1.411165e-10 
1.408897e-10 
1.406636e-10 
1.404381e-10 
1.402132e-10 
1.399890e-10 
1.397655e-10 
1.395426e-10 
1.393203e-10 
1.390987e-10 
1.388777e-10 
1.386573e-10 
1.384376e-10 
1.382185e-10 
1.380001e-10 
1.377822e-10 
1.375650e-10 
1.373484e-10 
1.371324e-10 
1.369170e-10 
1.367023e-10 
1.364881e-10 
1.362746e-10 
1.360616e-10 
1.358493e-10 
1.356376e-10 
1.354264e-10 
1.352159e-10 
1.350059e-10 
1.347965e-10 
1.345877e-10 
1.343795e-10 
1.341719e-10 
1.339649e-10 
1.337584e-10 
1.335525e-10 
1.333472e-10 
1.331424e-10 
1.329382e-10 
1.327346e-10 
1.325315e-10 
1.323290e-10 
1.321271e-10 
1.319257e-10 
1.317248e-10 
1.315245e-10 
1.313248e-10 
1.311256e-10 
1.309269e-10 
1.307288e-10 
1.305313e-10 
1.303342e-10 
1.301377e-10 
1.299417e-10 
1.297463e-10 
1.295514e-10 
1.293570e-10 
1.291631e-10 
1.289698e-10 
1.287770e-10 
1.285847e-10 
1.283929e-10 
1.282016e-10 
1.280109e-10 
1.278206e-10 
1.276309e-10 
1.274416e-10 
1.272529e-10 
1.270646e-10 
1.268769e-10 
1.266897e-10 
1.265029e-10 
1.263167e-10 
1.261309e-10 
1.259457e-10 
1.257609e-10 
1.255766e-10 
1.253928e-10 
1.252094e-10 
1.250266e-10 
1.248442e-10 
1.246623e-10 
1.244809e-10 
1.242999e-10 
1.241195e-10 
1.239395e-10 
1.237599e-10 
1.235808e-10 
1.234022e-10 
1.232241e-10 
1.230464e-10 
1.228692e-10 
1.226924e-10 
1.225161e-10 
1.223402e-10 
1.221648e-10 
1.219898e-10 
1.218153e-10 
1.216412e-10 
1.214676e-10 
1.212944e-10 
1.211216e-10 
1.209493e-10 
1.207775e-10 
1.206060e-10 
1.204350e-10 
1.202645e-10 
1.200943e-10 
1.199246e-10 
1.197554e-10 
1.195865e-10 
1.194181e-10 
1.192501e-10 
1.190825e-10 
1.189153e-10 
1.187486e-10 
1.185823e-10 
1.184163e-10 
1.182508e-10 
1.180858e-10 
1.179211e-10 
1.177568e-10 
1.175930e-10 
1.174295e-10 
1.172665e-10 
1.171038e-10 
1.169416e-10 
1.167797e-10 
1.166183e-10 
1.164572e-10 
1.162966e-10 
1.161363e-10 
1.159765e-10 
1.158170e-10 
1.156579e-10 
1.154992e-10 
1.153409e-10 
1.151830e-10 
1.150255e-10 
1.148683e-10 
1.147115e-10 
1.145551e-10 
1.143991e-10 
1.142435e-10 
1.140882e-10 
1.139334e-10 
1.137788e-10 
1.136247e-10 
1.134709e-10 
1.133175e-10 
1.131645e-10 
1.130119e-10 
1.128596e-10 
1.127076e-10 
1.125561e-10 
1.124049e-10 
1.122540e-10 
1.121035e-10 
1.119534e-10 
1.118036e-10 
1.116542e-10 
1.115051e-10 
1.113564e-10 
1.112081e-10 
1.110601e-10 
1.109124e-10 
1.107651e-10 
1.106181e-10 
1.104715e-10 
1.103253e-10 
1.101793e-10 
1.100337e-10 
1.098885e-10 
1.097436e-10 
1.095990e-10 
1.094548e-10 
1.093109e-10 
1.091673e-10 
1.090241e-10 
1.088812e-10 
1.087387e-10 
1.085964e-10 
1.084545e-10 
1.083129e-10 
1.081717e-10 
1.080308e-10 
1.078902e-10 
1.077499e-10 
1.076100e-10 
1.074703e-10 
1.073310e-10 
1.071920e-10 
1.070534e-10 
1.069150e-10 
1.067770e-10 
1.066393e-10 
1.065019e-10 
1.063648e-10 
1.062280e-10 
1.060915e-10 
1.059554e-10 
1.058195e-10 
1.056840e-10 
1.055487e-10 
1.054138e-10 
1.052792e-10 
