   5.06773071616e+07    7.60159607423e+09    5.06773071616e+06    3.93700000000e+00 
1491 
2.617247e-03 
2.291141e-03 
1.993784e-03 
1.735319e-03 
1.517902e-03 
1.335534e-03 
1.181392e-03 
1.050571e-03 
9.390675e-04 
8.435953e-04 
7.615576e-04 
6.907669e-04 
6.291023e-04 
5.751853e-04 
5.277016e-04 
4.857588e-04 
4.485472e-04 
4.153526e-04 
3.856455e-04 
3.589746e-04 
3.349356e-04 
3.131906e-04 
2.934505e-04 
2.754846e-04 
2.590899e-04 
2.440901e-04 
2.303377e-04 
2.177072e-04 
2.060692e-04 
1.953229e-04 
1.853797e-04 
1.761645e-04 
1.676148e-04 
1.596591e-04 
1.522428e-04 
1.453175e-04 
1.388400e-04 
1.327774e-04 
1.270920e-04 
1.217487e-04 
1.167191e-04 
1.119776e-04 
1.075012e-04 
1.032727e-04 
9.928413e-05 
9.550061e-05 
9.190520e-05 
8.848261e-05 
8.521896e-05 
8.209876e-05 
7.911820e-05 
7.627527e-05 
7.356666e-05 
7.090212e-05 
6.834172e-05 
6.590410e-05 
6.340289e-05 
6.100509e-05 
5.840889e-05 
5.560425e-05 
5.173942e-05 
4.884340e-05 
5.014253e-05 
5.068116e-05 
5.033468e-05 
4.974030e-05 
4.895144e-05 
4.811240e-05 
4.722977e-05 
4.634231e-05 
4.542449e-05 
4.453759e-05 
4.363480e-05 
4.275268e-05 
4.188797e-05 
4.103770e-05 
4.020410e-05 
3.938803e-05 
3.858979e-05 
3.780976e-05 
3.704809e-05 
3.630471e-05 
3.557957e-05 
3.487265e-05 
3.418457e-05 
3.351401e-05 
3.286021e-05 
3.222290e-05 
3.160334e-05 
3.100016e-05 
3.041166e-05 
2.983866e-05 
2.928266e-05 
2.873972e-05 
2.821095e-05 
2.769576e-05 
2.719343e-05 
2.670379e-05 
2.622657e-05 
2.576207e-05 
2.530931e-05 
2.486793e-05 
2.443756e-05 
2.401784e-05 
2.360841e-05 
2.320883e-05 
2.281892e-05 
2.243838e-05 
2.206693e-05 
2.170420e-05 
2.135001e-05 
2.100412e-05 
2.066629e-05 
2.033629e-05 
2.001389e-05 
1.969887e-05 
1.939106e-05 
1.909043e-05 
1.879656e-05 
1.850926e-05 
1.822834e-05 
1.795362e-05 
1.768492e-05 
1.742207e-05 
1.716493e-05 
1.691332e-05 
1.666718e-05 
1.642640e-05 
1.619070e-05 
1.595995e-05 
1.573402e-05 
1.551277e-05 
1.529607e-05 
1.508381e-05 
1.487586e-05 
1.467212e-05 
1.447246e-05 
1.427680e-05 
1.408501e-05 
1.389701e-05 
1.371270e-05 
1.353197e-05 
1.335474e-05 
1.318093e-05 
1.301043e-05 
1.284318e-05 
1.267909e-05 
1.251807e-05 
1.236007e-05 
1.220499e-05 
1.205278e-05 
1.190336e-05 
1.175667e-05 
1.161264e-05 
1.147120e-05 
1.133230e-05 
1.119588e-05 
1.106188e-05 
1.093032e-05 
1.080115e-05 
1.067424e-05 
1.054953e-05 
1.042697e-05 
1.030651e-05 
1.018810e-05 
1.007171e-05 
9.957278e-06 
9.844767e-06 
9.734134e-06 
9.625338e-06 
9.518339e-06 
9.413099e-06 
9.309578e-06 
9.207741e-06 
9.107551e-06 
9.008974e-06 
8.911976e-06 
8.816523e-06 
8.722583e-06 
8.630126e-06 
8.539120e-06 
8.449560e-06 
8.361412e-06 
8.274627e-06 
8.189177e-06 
8.105035e-06 
8.022174e-06 
7.940570e-06 
7.860196e-06 
7.781029e-06 
7.703045e-06 
7.626219e-06 
7.550530e-06 
7.475955e-06 
7.402473e-06 
7.330063e-06 
7.258703e-06 
7.188375e-06 
7.119058e-06 
7.050733e-06 
6.983381e-06 
6.916985e-06 
6.851526e-06 
6.786987e-06 
6.723351e-06 
6.660601e-06 
6.598742e-06 
6.537740e-06 
6.477577e-06 
6.418237e-06 
6.359704e-06 
6.301966e-06 
6.245006e-06 
6.188812e-06 
6.133370e-06 
6.078666e-06 
6.024688e-06 
5.971423e-06 
5.918858e-06 
5.866981e-06 
5.815781e-06 
5.765245e-06 
5.715363e-06 
5.666123e-06 
5.617514e-06 
5.569526e-06 
5.522147e-06 
5.475369e-06 
5.429180e-06 
5.383572e-06 
5.338533e-06 
5.294056e-06 
5.250131e-06 
5.206752e-06 
5.163914e-06 
5.121602e-06 
5.079805e-06 
5.038517e-06 
4.997729e-06 
4.957433e-06 
4.917621e-06 
4.878285e-06 
4.839418e-06 
4.801013e-06 
4.763062e-06 
4.725558e-06 
4.688494e-06 
4.651863e-06 
4.615659e-06 
4.579874e-06 
4.544504e-06 
4.509540e-06 
4.474978e-06 
4.440810e-06 
4.407032e-06 
4.373636e-06 
4.340618e-06 
4.307972e-06 
4.275691e-06 
4.243772e-06 
4.212207e-06 
4.180993e-06 
4.150124e-06 
4.119595e-06 
4.089401e-06 
4.059537e-06 
4.030001e-06 
4.000786e-06 
3.971886e-06 
3.943298e-06 
3.915017e-06 
3.887039e-06 
3.859359e-06 
3.831973e-06 
3.804877e-06 
3.778068e-06 
3.751540e-06 
3.725290e-06 
3.699314e-06 
3.673608e-06 
3.648170e-06 
3.622994e-06 
3.598077e-06 
3.573416e-06 
3.549008e-06 
3.524848e-06 
3.500934e-06 
3.477262e-06 
3.453830e-06 
3.430632e-06 
3.407668e-06 
3.384933e-06 
3.362425e-06 
3.340140e-06 
3.318075e-06 
3.296229e-06 
3.274597e-06 
3.253177e-06 
3.231966e-06 
3.210962e-06 
3.190163e-06 
3.169566e-06 
3.149167e-06 
3.128965e-06 
3.108956e-06 
3.089139e-06 
3.069510e-06 
3.050068e-06 
3.030809e-06 
3.011732e-06 
2.992835e-06 
2.974115e-06 
2.955569e-06 
2.937197e-06 
2.918995e-06 
2.900962e-06 
2.883095e-06 
2.865392e-06 
2.847852e-06 
2.830473e-06 
2.813252e-06 
2.796187e-06 
2.779278e-06 
2.762521e-06 
2.745915e-06 
2.729458e-06 
2.713149e-06 
2.696985e-06 
2.680965e-06 
2.665088e-06 
2.649351e-06 
2.633752e-06 
2.618292e-06 
2.602966e-06 
2.587775e-06 
2.572717e-06 
2.557789e-06 
2.542991e-06 
2.528321e-06 
2.513777e-06 
2.499359e-06 
2.485063e-06 
2.470890e-06 
2.456838e-06 
2.442905e-06 
2.429091e-06 
2.415393e-06 
2.401811e-06 
2.388343e-06 
2.374988e-06 
2.361744e-06 
2.348611e-06 
2.335587e-06 
2.322671e-06 
2.309862e-06 
2.297159e-06 
2.284560e-06 
2.272064e-06 
2.259671e-06 
2.247378e-06 
2.235186e-06 
2.223093e-06 
2.211097e-06 
2.199198e-06 
2.187395e-06 
2.175687e-06 
2.164073e-06 
2.152551e-06 
2.141121e-06 
2.129781e-06 
2.118532e-06 
2.107371e-06 
2.096299e-06 
2.085313e-06 
2.074414e-06 
2.063599e-06 
2.052869e-06 
2.042223e-06 
2.031659e-06 
2.021177e-06 
2.010775e-06 
2.000454e-06 
1.990212e-06 
1.980049e-06 
1.969963e-06 
1.959954e-06 
1.950021e-06 
1.940163e-06 
1.930380e-06 
1.920670e-06 
1.911034e-06 
1.901470e-06 
1.891978e-06 
1.882556e-06 
1.873205e-06 
1.863923e-06 
1.854710e-06 
1.845565e-06 
1.836488e-06 
1.827478e-06 
1.818533e-06 
1.809654e-06 
1.800840e-06 
1.792090e-06 
1.783404e-06 
1.774781e-06 
1.766220e-06 
1.757721e-06 
1.749283e-06 
1.740906e-06 
1.732589e-06 
1.724331e-06 
1.716132e-06 
1.707992e-06 
1.699909e-06 
1.691884e-06 
1.683915e-06 
1.676002e-06 
1.668146e-06 
1.660344e-06 
1.652597e-06 
1.644903e-06 
1.637264e-06 
1.629677e-06 
1.622144e-06 
1.614662e-06 
1.607232e-06 
1.599853e-06 
1.592525e-06 
1.585247e-06 
1.578019e-06 
1.570840e-06 
1.563710e-06 
1.556628e-06 
1.549595e-06 
1.542609e-06 
1.535670e-06 
1.528778e-06 
1.521932e-06 
1.515132e-06 
1.508377e-06 
1.501668e-06 
1.495003e-06 
1.488383e-06 
1.481806e-06 
1.475273e-06 
1.468783e-06 
1.462336e-06 
1.455931e-06 
1.449568e-06 
1.443247e-06 
1.436967e-06 
1.430728e-06 
1.424529e-06 
1.418371e-06 
1.412253e-06 
1.406174e-06 
1.400134e-06 
1.394133e-06 
1.388170e-06 
1.382246e-06 
1.376360e-06 
1.370511e-06 
1.364699e-06 
1.358925e-06 
1.353186e-06 
1.347484e-06 
1.341818e-06 
1.336188e-06 
1.330593e-06 
1.325033e-06 
1.319508e-06 
1.314018e-06 
1.308562e-06 
1.303139e-06 
1.297750e-06 
1.292395e-06 
1.287073e-06 
1.281783e-06 
1.276526e-06 
1.271301e-06 
1.266109e-06 
1.260948e-06 
1.255818e-06 
1.250719e-06 
1.245652e-06 
1.240615e-06 
1.235609e-06 
1.230633e-06 
1.225687e-06 
1.220771e-06 
1.215884e-06 
1.211027e-06 
1.206198e-06 
1.201399e-06 
1.196628e-06 
1.191885e-06 
1.187171e-06 
1.182484e-06 
1.177825e-06 
1.173194e-06 
1.168590e-06 
1.164013e-06 
1.159463e-06 
1.154939e-06 
1.150442e-06 
1.145971e-06 
1.141527e-06 
1.137108e-06 
1.132714e-06 
1.128346e-06 
1.124003e-06 
1.119686e-06 
1.115393e-06 
1.111125e-06 
1.106881e-06 
1.102661e-06 
1.098466e-06 
1.094294e-06 
1.090147e-06 
1.086022e-06 
1.081921e-06 
1.077844e-06 
1.073789e-06 
1.069757e-06 
1.065748e-06 
1.061761e-06 
1.057797e-06 
1.053855e-06 
1.049935e-06 
1.046036e-06 
1.042160e-06 
1.038305e-06 
1.034471e-06 
1.030658e-06 
1.026867e-06 
1.023096e-06 
1.019346e-06 
1.015617e-06 
1.011908e-06 
1.008219e-06 
1.004551e-06 
1.000902e-06 
9.972737e-07 
9.936648e-07 
9.900753e-07 
9.865053e-07 
9.829546e-07 
9.794230e-07 
9.759105e-07 
9.724167e-07 
9.689418e-07 
9.654854e-07 
9.620475e-07 
9.586279e-07 
9.552265e-07 
9.518433e-07 
9.484779e-07 
9.451304e-07 
9.418006e-07 
9.384883e-07 
9.351935e-07 
9.319161e-07 
9.286558e-07 
9.254126e-07 
9.221864e-07 
9.189770e-07 
9.157844e-07 
9.126084e-07 
9.094488e-07 
9.063057e-07 
9.031788e-07 
9.000681e-07 
8.969735e-07 
8.938947e-07 
8.908318e-07 
8.877847e-07 
8.847531e-07 
8.817371e-07 
8.787364e-07 
8.757511e-07 
8.727809e-07 
8.698258e-07 
8.668858e-07 
8.639606e-07 
8.610502e-07 
8.581544e-07 
8.552733e-07 
8.524067e-07 
8.495544e-07 
8.467165e-07 
8.438927e-07 
8.410831e-07 
8.382874e-07 
8.355057e-07 
8.327378e-07 
8.299836e-07 
8.272431e-07 
8.245161e-07 
8.218026e-07 
8.191025e-07 
8.164157e-07 
8.137421e-07 
8.110815e-07 
8.084341e-07 
8.057995e-07 
8.031778e-07 
8.005690e-07 
7.979728e-07 
7.953892e-07 
7.928181e-07 
7.902595e-07 
7.877133e-07 
7.851793e-07 
7.826576e-07 
7.801480e-07 
7.776505e-07 
7.751649e-07 
7.726912e-07 
7.702294e-07 
7.677793e-07 
7.653409e-07 
7.629141e-07 
7.604988e-07 
7.580950e-07 
7.557026e-07 
7.533214e-07 
7.509515e-07 
7.485928e-07 
7.462452e-07 
7.439086e-07 
7.415830e-07 
7.392683e-07 
7.369643e-07 
7.346712e-07 
7.323887e-07 
7.301169e-07 
7.278556e-07 
7.256048e-07 
7.233645e-07 
7.211345e-07 
7.189148e-07 
7.167053e-07 
7.145060e-07 
7.123169e-07 
7.101377e-07 
7.079686e-07 
7.058093e-07 
7.036598e-07 
7.015202e-07 
6.993903e-07 
6.972701e-07 
6.951596e-07 
6.930586e-07 
6.909671e-07 
6.888850e-07 
6.868124e-07 
6.847491e-07 
6.826951e-07 
6.806503e-07 
6.786148e-07 
6.765883e-07 
6.745709e-07 
6.725625e-07 
6.705630e-07 
6.685725e-07 
6.665908e-07 
6.646180e-07 
6.626538e-07 
6.606984e-07 
6.587516e-07 
6.568134e-07 
6.548838e-07 
6.529626e-07 
6.510499e-07 
6.491456e-07 
6.472496e-07 
6.453620e-07 
6.434825e-07 
6.416113e-07 
6.397483e-07 
6.378933e-07 
6.360464e-07 
6.342075e-07 
6.323766e-07 
6.305536e-07 
6.287384e-07 
6.269311e-07 
6.251316e-07 
6.233398e-07 
6.215557e-07 
6.197793e-07 
6.180105e-07 
6.162492e-07 
6.144955e-07 
6.127492e-07 
6.110104e-07 
6.092790e-07 
6.075549e-07 
6.058382e-07 
6.041287e-07 
6.024264e-07 
6.007313e-07 
5.990434e-07 
5.973626e-07 
5.956888e-07 
5.940221e-07 
5.923623e-07 
5.907095e-07 
5.890637e-07 
5.874246e-07 
5.857925e-07 
5.841671e-07 
5.825485e-07 
5.809365e-07 
5.793313e-07 
5.777328e-07 
5.761408e-07 
5.745554e-07 
5.729765e-07 
5.714042e-07 
5.698383e-07 
5.682788e-07 
5.667258e-07 
5.651791e-07 
5.636387e-07 
5.621046e-07 
5.605768e-07 
5.590552e-07 
5.575398e-07 
5.560305e-07 
5.545274e-07 
5.530303e-07 
5.515393e-07 
5.500543e-07 
5.485754e-07 
5.471023e-07 
5.456352e-07 
5.441740e-07 
5.427186e-07 
5.412691e-07 
5.398254e-07 
5.383874e-07 
5.369552e-07 
5.355287e-07 
5.341078e-07 
5.326927e-07 
5.312831e-07 
5.298791e-07 
5.284807e-07 
5.270878e-07 
5.257004e-07 
5.243185e-07 
5.229421e-07 
5.215710e-07 
5.202054e-07 
5.188451e-07 
5.174901e-07 
5.161404e-07 
5.147960e-07 
5.134569e-07 
5.121229e-07 
5.107942e-07 
5.094706e-07 
5.081522e-07 
5.068389e-07 
5.055307e-07 
5.042275e-07 
5.029294e-07 
5.016362e-07 
5.003481e-07 
4.990649e-07 
4.977867e-07 
4.965133e-07 
4.952449e-07 
4.939813e-07 
4.927225e-07 
4.914685e-07 
4.902193e-07 
4.889749e-07 
4.877352e-07 
4.865002e-07 
4.852699e-07 
4.840443e-07 
4.828233e-07 
4.816069e-07 
4.803951e-07 
4.791879e-07 
4.779852e-07 
4.767870e-07 
4.755934e-07 
4.744042e-07 
4.732195e-07 
4.720392e-07 
4.708634e-07 
4.696919e-07 
4.685248e-07 
4.673620e-07 
4.662036e-07 
4.650495e-07 
4.638996e-07 
4.627540e-07 
4.616127e-07 
4.604756e-07 
4.593426e-07 
4.582139e-07 
4.570893e-07 
4.559688e-07 
4.548525e-07 
4.537402e-07 
4.526320e-07 
4.515279e-07 
4.504278e-07 
4.493318e-07 
4.482397e-07 
4.471516e-07 
4.460675e-07 
4.449873e-07 
4.439110e-07 
4.428386e-07 
4.417701e-07 
4.407054e-07 
4.396446e-07 
4.385877e-07 
4.375345e-07 
4.364851e-07 
4.354395e-07 
4.343977e-07 
4.333596e-07 
4.323252e-07 
4.312945e-07 
4.302675e-07 
4.292441e-07 
4.282244e-07 
4.272084e-07 
4.261959e-07 
4.251871e-07 
4.241818e-07 
4.231801e-07 
4.221819e-07 
4.211872e-07 
4.201961e-07 
4.192085e-07 
4.182243e-07 
4.172436e-07 
4.162664e-07 
4.152925e-07 
4.143221e-07 
4.133551e-07 
4.123915e-07 
4.114312e-07 
4.104743e-07 
4.095208e-07 
4.085705e-07 
4.076235e-07 
4.066799e-07 
4.057395e-07 
4.048024e-07 
4.038685e-07 
4.029378e-07 
4.020104e-07 
4.010862e-07 
4.001651e-07 
3.992472e-07 
3.983325e-07 
3.974209e-07 
3.965124e-07 
3.956071e-07 
3.947048e-07 
3.938056e-07 
3.929095e-07 
3.920165e-07 
3.911265e-07 
3.902395e-07 
3.893555e-07 
3.884746e-07 
3.875966e-07 
3.867216e-07 
3.858496e-07 
3.849805e-07 
3.841143e-07 
3.832511e-07 
3.823907e-07 
3.815333e-07 
3.806788e-07 
3.798271e-07 
3.789782e-07 
3.781322e-07 
3.772891e-07 
3.764487e-07 
3.756112e-07 
3.747765e-07 
3.739445e-07 
3.731153e-07 
3.722889e-07 
3.714652e-07 
3.706442e-07 
3.698260e-07 
3.690105e-07 
3.681976e-07 
3.673875e-07 
3.665800e-07 
3.657752e-07 
3.649730e-07 
3.641735e-07 
3.633765e-07 
3.625822e-07 
3.617905e-07 
3.610014e-07 
3.602149e-07 
3.594310e-07 
3.586496e-07 
3.578707e-07 
3.570944e-07 
3.563206e-07 
3.555493e-07 
3.547805e-07 
3.540142e-07 
3.532504e-07 
3.524891e-07 
3.517302e-07 
3.509738e-07 
3.502198e-07 
3.494682e-07 
3.487191e-07 
3.479723e-07 
3.472280e-07 
3.464860e-07 
3.457465e-07 
3.450092e-07 
3.442744e-07 
3.435419e-07 
3.428117e-07 
3.420838e-07 
3.413583e-07 
3.406351e-07 
3.399141e-07 
3.391955e-07 
3.384791e-07 
3.377650e-07 
3.370532e-07 
3.363436e-07 
3.356362e-07 
3.349311e-07 
3.342282e-07 
3.335275e-07 
3.328290e-07 
3.321327e-07 
3.314386e-07 
3.307467e-07 
3.300569e-07 
3.293693e-07 
3.286838e-07 
3.280005e-07 
3.273193e-07 
3.266402e-07 
3.259632e-07 
3.252883e-07 
3.246155e-07 
3.239448e-07 
3.232762e-07 
3.226097e-07 
3.219452e-07 
3.212827e-07 
3.206224e-07 
3.199640e-07 
3.193077e-07 
3.186533e-07 
3.180010e-07 
3.173507e-07 
3.167024e-07 
3.160561e-07 
3.154117e-07 
3.147693e-07 
3.141289e-07 
3.134905e-07 
3.128539e-07 
3.122194e-07 
3.115867e-07 
3.109560e-07 
3.103271e-07 
3.097002e-07 
3.090752e-07 
3.084521e-07 
3.078308e-07 
3.072115e-07 
3.065940e-07 
3.059783e-07 
3.053645e-07 
3.047526e-07 
3.041425e-07 
3.035342e-07 
3.029278e-07 
3.023231e-07 
3.017203e-07 
3.011193e-07 
3.005201e-07 
2.999226e-07 
2.993270e-07 
2.987331e-07 
2.981410e-07 
2.975506e-07 
2.969620e-07 
2.963751e-07 
2.957900e-07 
2.952066e-07 
2.946249e-07 
2.940450e-07 
2.934668e-07 
2.928902e-07 
2.923154e-07 
2.917422e-07 
2.911708e-07 
2.906010e-07 
2.900329e-07 
2.894664e-07 
2.889016e-07 
2.883385e-07 
2.877770e-07 
2.872171e-07 
2.866589e-07 
2.861023e-07 
2.855474e-07 
2.849940e-07 
2.844422e-07 
2.838921e-07 
2.833435e-07 
2.827966e-07 
2.822512e-07 
2.817074e-07 
2.811651e-07 
2.806244e-07 
2.800853e-07 
2.795478e-07 
2.790118e-07 
2.784773e-07 
2.779443e-07 
2.774129e-07 
2.768830e-07 
2.763547e-07 
2.758278e-07 
2.753024e-07 
2.747786e-07 
2.742562e-07 
2.737353e-07 
2.732160e-07 
2.726980e-07 
2.721816e-07 
2.716666e-07 
2.711531e-07 
2.706411e-07 
2.701304e-07 
2.696213e-07 
2.691135e-07 
2.686072e-07 
2.681024e-07 
2.675989e-07 
2.670969e-07 
2.665963e-07 
2.660971e-07 
2.655993e-07 
2.651028e-07 
2.646078e-07 
2.641142e-07 
2.636219e-07 
2.631310e-07 
2.626415e-07 
2.621534e-07 
2.616666e-07 
2.611811e-07 
2.606971e-07 
2.602143e-07 
2.597329e-07 
2.592529e-07 
2.587741e-07 
2.582967e-07 
2.578206e-07 
2.573459e-07 
2.568724e-07 
2.564002e-07 
2.559294e-07 
2.554598e-07 
2.549916e-07 
2.545246e-07 
2.540589e-07 
2.535945e-07 
2.531313e-07 
2.526694e-07 
2.522088e-07 
2.517494e-07 
2.512913e-07 
2.508345e-07 
2.503789e-07 
2.499245e-07 
2.494714e-07 
2.490195e-07 
2.485688e-07 
2.481193e-07 
2.476711e-07 
2.472241e-07 
2.467783e-07 
2.463337e-07 
2.458903e-07 
2.454481e-07 
2.450070e-07 
2.445672e-07 
2.441286e-07 
2.436911e-07 
2.432548e-07 
2.428197e-07 
2.423857e-07 
2.419529e-07 
2.415213e-07 
2.410908e-07 
2.406615e-07 
2.402333e-07 
2.398063e-07 
2.393804e-07 
2.389556e-07 
2.385320e-07 
2.381095e-07 
2.376881e-07 
2.372678e-07 
2.368487e-07 
2.364306e-07 
2.360137e-07 
2.355978e-07 
2.351831e-07 
2.347694e-07 
2.343569e-07 
2.339454e-07 
2.335350e-07 
2.331257e-07 
2.327175e-07 
2.323103e-07 
2.319042e-07 
2.314992e-07 
2.310952e-07 
2.306923e-07 
2.302905e-07 
2.298897e-07 
2.294899e-07 
2.290912e-07 
2.286935e-07 
2.282969e-07 
2.279012e-07 
2.275066e-07 
2.271131e-07 
2.267205e-07 
2.263290e-07 
2.259385e-07 
2.255490e-07 
2.251605e-07 
2.247730e-07 
2.243865e-07 
2.240010e-07 
2.236165e-07 
2.232330e-07 
2.228505e-07 
2.224689e-07 
2.220884e-07 
2.217088e-07 
2.213302e-07 
2.209525e-07 
2.205758e-07 
2.202001e-07 
2.198253e-07 
2.194515e-07 
2.190787e-07 
2.187068e-07 
2.183358e-07 
2.179658e-07 
2.175968e-07 
2.172286e-07 
2.168614e-07 
2.164951e-07 
2.161298e-07 
2.157654e-07 
2.154019e-07 
2.150393e-07 
2.146776e-07 
2.143169e-07 
2.139570e-07 
2.135981e-07 
2.132400e-07 
2.128829e-07 
2.125266e-07 
2.121713e-07 
2.118168e-07 
2.114633e-07 
2.111106e-07 
2.107588e-07 
2.104078e-07 
2.100578e-07 
2.097086e-07 
2.093603e-07 
2.090129e-07 
2.086663e-07 
2.083206e-07 
2.079757e-07 
2.076317e-07 
2.072886e-07 
2.069463e-07 
2.066048e-07 
2.062642e-07 
2.059244e-07 
2.055855e-07 
2.052474e-07 
2.049102e-07 
2.045737e-07 
2.042381e-07 
2.039034e-07 
2.035694e-07 
2.032363e-07 
2.029040e-07 
2.025725e-07 
2.022418e-07 
2.019119e-07 
2.015829e-07 
2.012546e-07 
2.009271e-07 
2.006005e-07 
2.002746e-07 
1.999495e-07 
1.996252e-07 
1.993017e-07 
1.989790e-07 
1.986571e-07 
1.983360e-07 
1.980156e-07 
1.976960e-07 
1.973772e-07 
1.970591e-07 
1.967419e-07 
1.964253e-07 
1.961096e-07 
1.957946e-07 
1.954804e-07 
1.951669e-07 
1.948542e-07 
1.945422e-07 
1.942310e-07 
1.939205e-07 
1.936108e-07 
1.933018e-07 
1.929936e-07 
1.926860e-07 
1.923793e-07 
1.920732e-07 
1.917679e-07 
1.914633e-07 
1.911595e-07 
1.908563e-07 
1.905539e-07 
1.902522e-07 
1.899512e-07 
1.896509e-07 
1.893514e-07 
1.890525e-07 
1.887544e-07 
1.884570e-07 
1.881602e-07 
1.878642e-07 
1.875688e-07 
1.872742e-07 
1.869803e-07 
1.866870e-07 
1.863944e-07 
1.861026e-07 
1.858114e-07 
1.855209e-07 
1.852310e-07 
1.849419e-07 
1.846534e-07 
1.843656e-07 
1.840785e-07 
1.837920e-07 
1.835062e-07 
1.832211e-07 
1.829367e-07 
1.826529e-07 
1.823697e-07 
1.820873e-07 
1.818054e-07 
1.815243e-07 
1.812438e-07 
1.809639e-07 
1.806847e-07 
1.804061e-07 
1.801282e-07 
1.798509e-07 
1.795742e-07 
1.792982e-07 
1.790229e-07 
1.787481e-07 
1.784740e-07 
1.782006e-07 
1.779277e-07 
1.776555e-07 
1.773839e-07 
1.771129e-07 
1.768426e-07 
1.765728e-07 
1.763037e-07 
1.760352e-07 
1.757673e-07 
1.755000e-07 
1.752334e-07 
1.749673e-07 
1.747019e-07 
1.744370e-07 
1.741728e-07 
1.739091e-07 
1.736461e-07 
1.733836e-07 
1.731217e-07 
1.728605e-07 
1.725998e-07 
1.723397e-07 
1.720802e-07 
1.718213e-07 
1.715630e-07 
1.713052e-07 
1.710480e-07 
1.707914e-07 
1.705354e-07 
1.702800e-07 
1.700251e-07 
1.697708e-07 
1.695171e-07 
1.692640e-07 
1.690114e-07 
1.687593e-07 
1.685079e-07 
1.682570e-07 
1.680066e-07 
1.677569e-07 
1.675076e-07 
1.672590e-07 
1.670109e-07 
1.667633e-07 
1.665163e-07 
1.662698e-07 
1.660239e-07 
1.657785e-07 
1.655337e-07 
1.652894e-07 
1.650457e-07 
1.648025e-07 
1.645598e-07 
1.643177e-07 
1.640761e-07 
1.638350e-07 
1.635944e-07 
1.633544e-07 
1.631150e-07 
1.628760e-07 
1.626376e-07 
1.623997e-07 
1.621623e-07 
1.619254e-07 
1.616891e-07 
1.614533e-07 
1.612180e-07 
1.609832e-07 
1.607489e-07 
1.605151e-07 
1.602818e-07 
1.600491e-07 
1.598168e-07 
1.595851e-07 
1.593538e-07 
1.591231e-07 
1.588929e-07 
1.586631e-07 
1.584339e-07 
1.582052e-07 
1.579769e-07 
1.577492e-07 
1.575219e-07 
1.572951e-07 
1.570688e-07 
1.568431e-07 
1.566177e-07 
1.563929e-07 
1.561686e-07 
1.559447e-07 
1.557214e-07 
1.554985e-07 
1.552761e-07 
1.550541e-07 
1.548327e-07 
1.546117e-07 
1.543911e-07 
1.541711e-07 
1.539515e-07 
1.537324e-07 
1.535138e-07 
1.532956e-07 
1.530779e-07 
1.528607e-07 
1.526439e-07 
1.524276e-07 
1.522117e-07 
1.519963e-07 
1.517814e-07 
1.515669e-07 
1.513528e-07 
1.511393e-07 
1.509261e-07 
1.507134e-07 
1.505012e-07 
1.502894e-07 
1.500781e-07 
1.498672e-07 
1.496568e-07 
1.494468e-07 
1.492372e-07 
1.490281e-07 
1.488194e-07 
1.486112e-07 
1.484034e-07 
1.481960e-07 
1.479891e-07 
1.477826e-07 
1.475765e-07 
1.473708e-07 
1.471656e-07 
1.469609e-07 
1.467565e-07 
1.465526e-07 
1.463491e-07 
1.461460e-07 
1.459433e-07 
1.457411e-07 
1.455393e-07 
1.453379e-07 
1.451369e-07 
1.449363e-07 
1.447362e-07 
1.445365e-07 
1.443371e-07 
1.441382e-07 
1.439397e-07 
1.437417e-07 
1.435440e-07 
1.433467e-07 
1.431499e-07 
1.429534e-07 
1.427573e-07 
1.425617e-07 
1.423664e-07 
1.421716e-07 
1.419771e-07 
1.417831e-07 
1.415894e-07 
1.413962e-07 
1.412033e-07 
1.410109e-07 
1.408188e-07 
1.406271e-07 
1.404358e-07 
1.402449e-07 
1.400544e-07 
1.398643e-07 
1.396746e-07 
1.394852e-07 
1.392963e-07 
1.391077e-07 
1.389195e-07 
1.387317e-07 
1.385442e-07 
1.383572e-07 
1.381705e-07 
1.379842e-07 
1.377983e-07 
1.376127e-07 
1.374276e-07 
1.372428e-07 
1.370583e-07 
1.368743e-07 
1.366906e-07 
1.365073e-07 
1.363243e-07 
1.361417e-07 
1.359595e-07 
1.357777e-07 
1.355962e-07 
1.354151e-07 
1.352343e-07 
1.350539e-07 
1.411625e-03 
1.018502e-03 
7.560612e-04 
5.748137e-04 
4.459988e-04 
3.521737e-04 
2.798243e-04 
2.254669e-04 
1.839313e-04 
1.517130e-04 
1.263843e-04 
1.058007e-04 
8.930774e-05 
7.595828e-05 
6.505300e-05 
5.606871e-05 
4.860921e-05 
4.237109e-05 
3.711957e-05 
3.267123e-05 
2.888152e-05 
2.558134e-05 
2.274638e-05 
2.029944e-05 
1.817790e-05 
1.633073e-05 
1.471603e-05 
1.329924e-05 
1.205166e-05 
1.094939e-05 
9.972382e-06 
9.095584e-06 
8.314514e-06 
7.616789e-06 
6.991866e-06 
6.430735e-06 
5.925669e-06 
5.470015e-06 
5.058032e-06 
4.684744e-06 
4.345829e-06 
4.035089e-06 
3.752055e-06 
3.493790e-06 
3.257713e-06 
3.041557e-06 
2.843321e-06 
2.661234e-06 
2.493729e-06 
2.339415e-06 
2.197052e-06 
2.064942e-06 
1.942773e-06 
1.829655e-06 
1.724786e-06 
1.627450e-06 
1.537000e-06 
1.452854e-06 
1.374489e-06 
1.301428e-06 
1.233245e-06 
1.169548e-06 
8.539717e-06 
8.145625e-06 
7.774283e-06 
7.423900e-06 
7.092868e-06 
6.779738e-06 
6.483202e-06 
6.202077e-06 
5.935292e-06 
5.681899e-06 
5.441161e-06 
5.212405e-06 
4.994996e-06 
4.788328e-06 
4.591829e-06 
4.404957e-06 
4.227198e-06 
4.058067e-06 
3.897104e-06 
3.743876e-06 
3.597973e-06 
3.459006e-06 
3.326609e-06 
3.200437e-06 
3.080162e-06 
2.965477e-06 
2.856088e-06 
2.751722e-06 
2.652117e-06 
2.557029e-06 
2.466211e-06 
2.379432e-06 
2.296476e-06 
2.217140e-06 
2.141234e-06 
2.068580e-06 
1.999009e-06 
1.932365e-06 
1.868499e-06 
1.807273e-06 
1.748554e-06 
1.692219e-06 
1.638152e-06 
1.586242e-06 
1.536388e-06 
1.488489e-06 
1.442456e-06 
1.398199e-06 
1.355636e-06 
1.314691e-06 
1.275288e-06 
1.237358e-06 
1.200834e-06 
1.165655e-06 
1.131761e-06 
1.099094e-06 
1.067603e-06 
1.037235e-06 
1.007944e-06 
9.796822e-07 
9.524073e-07 
9.260776e-07 
9.006538e-07 
8.760985e-07 
8.523761e-07 
8.294527e-07 
8.072960e-07 
7.858752e-07 
7.651610e-07 
7.451254e-07 
7.257418e-07 
7.069846e-07 
6.888297e-07 
6.712539e-07 
6.542350e-07 
6.377518e-07 
6.217841e-07 
6.063126e-07 
5.913188e-07 
5.767849e-07 
5.626942e-07 
5.490307e-07 
5.357789e-07 
5.229242e-07 
5.104523e-07 
4.983498e-07 
4.866035e-07 
4.752010e-07 
4.641303e-07 
4.533800e-07 
4.429389e-07 
4.327966e-07 
4.229428e-07 
4.133678e-07 
4.040622e-07 
3.950169e-07 
3.862233e-07 
3.776730e-07 
3.693580e-07 
3.612707e-07 
3.534036e-07 
3.457495e-07 
3.383016e-07 
3.310533e-07 
3.239981e-07 
3.171300e-07 
3.104431e-07 
3.039316e-07 
2.975901e-07 
2.914133e-07 
2.853961e-07 
2.795336e-07 
2.738210e-07 
2.682538e-07 
2.628275e-07 
2.575380e-07 
2.523810e-07 
2.473527e-07 
2.424492e-07 
2.376668e-07 
2.330020e-07 
2.284512e-07 
2.240113e-07 
2.196789e-07 
2.154510e-07 
2.113245e-07 
2.072966e-07 
2.033645e-07 
1.995253e-07 
1.957769e-07 
1.921163e-07 
1.885411e-07 
1.850489e-07 
1.816374e-07 
1.783043e-07 
1.750476e-07 
1.718651e-07 
1.687548e-07 
1.657148e-07 
1.627431e-07 
1.598379e-07 
1.569975e-07 
1.542200e-07 
1.515039e-07 
1.488475e-07 
1.462493e-07 
1.437077e-07 
1.412212e-07 
1.387885e-07 
1.364081e-07 
1.340787e-07 
1.317989e-07 
1.295676e-07 
1.273835e-07 
1.252453e-07 
1.231520e-07 
1.211024e-07 
1.190954e-07 
1.171300e-07 
1.152051e-07 
1.133198e-07 
1.114730e-07 
1.096638e-07 
1.078913e-07 
1.061546e-07 
1.044529e-07 
1.027853e-07 
1.011509e-07 
9.954911e-08 
9.797899e-08 
9.643985e-08 
9.493094e-08 
9.345155e-08 
9.200101e-08 
9.057863e-08 
8.918376e-08 
8.781577e-08 
8.647403e-08 
8.515795e-08 
8.386693e-08 
8.260040e-08 
8.135782e-08 
8.013863e-08 
7.894231e-08 
7.776835e-08 
7.661625e-08 
7.548552e-08 
7.437569e-08 
7.328629e-08 
7.221688e-08 
7.116701e-08 
7.013627e-08 
6.912422e-08 
6.813047e-08 
6.715463e-08 
6.619629e-08 
6.525510e-08 
6.433068e-08 
6.342267e-08 
6.253073e-08 
6.165451e-08 
6.079369e-08 
5.994794e-08 
5.911694e-08 
5.830039e-08 
5.749799e-08 
5.670944e-08 
5.593446e-08 
5.517276e-08 
5.442408e-08 
5.368814e-08 
5.296470e-08 
5.225349e-08 
5.155427e-08 
5.086679e-08 
5.019083e-08 
4.952614e-08 
4.887251e-08 
4.822971e-08 
4.759753e-08 
4.697576e-08 
4.636419e-08 
4.576262e-08 
4.517087e-08 
4.458873e-08 
4.401601e-08 
4.345255e-08 
4.289815e-08 
4.235264e-08 
4.181571e-08 
4.128733e-08 
4.076735e-08 
4.025561e-08 
3.975194e-08 
3.925621e-08 
3.876825e-08 
3.828792e-08 
3.781508e-08 
3.734959e-08 
3.689131e-08 
3.644011e-08 
3.599586e-08 
3.555842e-08 
3.512768e-08 
3.470351e-08 
3.428579e-08 
3.387441e-08 
3.346924e-08 
3.307018e-08 
3.267711e-08 
3.228993e-08 
3.190854e-08 
3.153282e-08 
3.116268e-08 
3.079802e-08 
3.043873e-08 
3.008474e-08 
2.973593e-08 
2.939223e-08 
2.905354e-08 
2.871977e-08 
2.839084e-08 
2.806667e-08 
2.774717e-08 
2.743226e-08 
2.712186e-08 
2.681590e-08 
2.651429e-08 
2.621697e-08 
2.592387e-08 
2.563490e-08 
2.535000e-08 
2.506910e-08 
2.479214e-08 
2.451904e-08 
2.424975e-08 
2.398420e-08 
2.372232e-08 
2.346406e-08 
2.320936e-08 
2.295815e-08 
2.271039e-08 
2.246601e-08 
2.222495e-08 
2.198717e-08 
2.175261e-08 
2.152122e-08 
2.129295e-08 
2.106774e-08 
2.084555e-08 
2.062633e-08 
2.041003e-08 
2.019660e-08 
1.998601e-08 
1.977819e-08 
1.957312e-08 
1.937074e-08 
1.917102e-08 
1.897390e-08 
1.877936e-08 
1.858735e-08 
1.839783e-08 
1.821077e-08 
1.802612e-08 
1.784384e-08 
1.766391e-08 
1.748627e-08 
1.731091e-08 
1.713779e-08 
1.696686e-08 
1.679810e-08 
1.663147e-08 
1.646694e-08 
1.630449e-08 
1.614407e-08 
1.598565e-08 
1.582922e-08 
1.567473e-08 
1.552216e-08 
1.537149e-08 
1.522267e-08 
1.507569e-08 
1.493051e-08 
1.478712e-08 
1.464547e-08 
1.450556e-08 
1.436735e-08 
1.423082e-08 
1.409594e-08 
1.396275e-08 
1.383116e-08 
1.370115e-08 
1.357270e-08 
1.344578e-08 
1.332038e-08 
1.319648e-08 
1.307404e-08 
1.295306e-08 
1.283350e-08 
1.271536e-08 
1.259861e-08 
1.248322e-08 
1.236919e-08 
1.225649e-08 
1.214510e-08 
1.203501e-08 
1.192619e-08 
1.181864e-08 
1.171232e-08 
1.160724e-08 
1.150335e-08 
1.140066e-08 
1.129915e-08 
1.119879e-08 
1.109958e-08 
1.100149e-08 
1.090451e-08 
1.080863e-08 
1.071383e-08 
1.062010e-08 
1.052743e-08 
1.043579e-08 
1.034517e-08 
1.025557e-08 
1.016696e-08 
1.007934e-08 
9.992686e-09 
9.906991e-09 
9.822242e-09 
9.738425e-09 
9.655529e-09 
9.573541e-09 
9.492449e-09 
9.412242e-09 
9.332907e-09 
9.254434e-09 
9.176811e-09 
9.100028e-09 
9.024072e-09 
8.948934e-09 
8.874603e-09 
8.801069e-09 
8.728321e-09 
8.656349e-09 
8.585143e-09 
8.514694e-09 
8.444991e-09 
8.376026e-09 
8.307788e-09 
8.240269e-09 
8.173460e-09 
8.107351e-09 
8.041934e-09 
7.977200e-09 
7.913140e-09 
7.849746e-09 
7.787010e-09 
7.724923e-09 
7.663478e-09 
7.602666e-09 
7.542480e-09 
7.482911e-09 
7.423952e-09 
7.365597e-09 
7.307836e-09 
7.250663e-09 
7.194071e-09 
7.138053e-09 
7.082601e-09 
7.027708e-09 
6.973369e-09 
6.919576e-09 
6.866322e-09 
6.813602e-09 
6.761408e-09 
6.709734e-09 
6.658574e-09 
6.607923e-09 
6.557773e-09 
6.508118e-09 
6.458954e-09 
6.410274e-09 
6.362072e-09 
6.314343e-09 
6.267081e-09 
6.220280e-09 
6.173936e-09 
6.128042e-09 
6.082594e-09 
6.037574e-09 
5.992989e-09 
5.948835e-09 
5.905105e-09 
5.861796e-09 
5.818902e-09 
5.776419e-09 
5.734341e-09 
5.692665e-09 
5.651384e-09 
5.610496e-09 
5.569995e-09 
5.529877e-09 
5.490137e-09 
5.450771e-09 
5.411775e-09 
5.373145e-09 
5.334876e-09 
5.296964e-09 
5.259406e-09 
5.222198e-09 
5.185334e-09 
5.148812e-09 
5.112628e-09 
5.076777e-09 
5.041257e-09 
5.006063e-09 
4.971192e-09 
4.936640e-09 
4.902404e-09 
4.868480e-09 
4.834865e-09 
4.801554e-09 
4.768546e-09 
4.735837e-09 
4.703422e-09 
4.671300e-09 
4.639467e-09 
4.607919e-09 
4.576654e-09 
4.545668e-09 
4.514959e-09 
4.484524e-09 
4.454359e-09 
4.424461e-09 
4.394829e-09 
4.365458e-09 
4.336346e-09 
4.307491e-09 
4.278889e-09 
4.250538e-09 
4.222435e-09 
4.194578e-09 
4.166963e-09 
4.139589e-09 
4.112453e-09 
4.085552e-09 
4.058884e-09 
4.032446e-09 
4.006236e-09 
3.980252e-09 
3.954490e-09 
3.928950e-09 
3.903628e-09 
3.878523e-09 
3.853631e-09 
3.828952e-09 
3.804482e-09 
3.780219e-09 
3.756162e-09 
3.732308e-09 
3.708655e-09 
3.685201e-09 
3.661944e-09 
3.638883e-09 
3.616014e-09 
3.593336e-09 
3.570847e-09 
3.548546e-09 
3.526429e-09 
3.504497e-09 
3.482745e-09 
3.461174e-09 
3.439780e-09 
3.418562e-09 
3.397519e-09 
3.376649e-09 
3.355949e-09 
3.335419e-09 
3.315056e-09 
3.294859e-09 
3.274826e-09 
3.254955e-09 
3.235246e-09 
3.215696e-09 
3.196304e-09 
3.177068e-09 
3.157986e-09 
3.139058e-09 
3.120282e-09 
3.101658e-09 
3.083183e-09 
3.064856e-09 
3.046674e-09 
3.028637e-09 
3.010742e-09 
2.992990e-09 
2.975377e-09 
2.957904e-09 
2.940568e-09 
2.923369e-09 
2.906304e-09 
2.889374e-09 
2.872575e-09 
2.855908e-09 
2.839371e-09 
2.822963e-09 
2.806682e-09 
2.790528e-09 
2.774498e-09 
2.758593e-09 
2.742810e-09 
2.727149e-09 
2.711608e-09 
2.696187e-09 
2.680883e-09 
2.665697e-09 
2.650628e-09 
2.635673e-09 
2.620831e-09 
2.606103e-09 
2.591487e-09 
2.576981e-09 
2.562585e-09 
2.548298e-09 
2.534118e-09 
2.520045e-09 
2.506078e-09 
2.492216e-09 
2.478457e-09 
2.464802e-09 
2.451248e-09 
2.437796e-09 
2.424443e-09 
2.411190e-09 
2.398035e-09 
2.384977e-09 
2.372016e-09 
2.359151e-09 
2.346380e-09 
2.333703e-09 
2.321120e-09 
2.308628e-09 
2.296229e-09 
2.283919e-09 
2.271700e-09 
2.259570e-09 
2.247527e-09 
2.235573e-09 
2.223705e-09 
2.211922e-09 
2.200225e-09 
2.188613e-09 
2.177084e-09 
2.165638e-09 
2.154274e-09 
2.142992e-09 
2.131790e-09 
2.120668e-09 
2.109626e-09 
2.098663e-09 
2.087777e-09 
2.076969e-09 
2.066237e-09 
2.055581e-09 
2.045001e-09 
2.034495e-09 
2.024063e-09 
2.013705e-09 
2.003419e-09 
1.993206e-09 
1.983064e-09 
1.972992e-09 
1.962992e-09 
1.953060e-09 
1.943198e-09 
1.933405e-09 
1.923679e-09 
1.914020e-09 
1.904429e-09 
1.894903e-09 
1.885444e-09 
1.876049e-09 
1.866719e-09 
1.857453e-09 
1.848250e-09 
1.839110e-09 
1.830033e-09 
1.821018e-09 
1.812063e-09 
1.803170e-09 
1.794337e-09 
1.785564e-09 
1.776850e-09 
1.768196e-09 
1.759599e-09 
1.751060e-09 
1.742579e-09 
1.734155e-09 
1.725787e-09 
1.717475e-09 
1.709219e-09 
1.701018e-09 
1.692871e-09 
1.684779e-09 
1.676740e-09 
1.668755e-09 
1.660822e-09 
1.652942e-09 
1.645114e-09 
1.637338e-09 
1.629613e-09 
1.621938e-09 
1.614314e-09 
1.606740e-09 
1.599215e-09 
1.591740e-09 
1.584313e-09 
1.576935e-09 
1.569604e-09 
1.562322e-09 
1.555086e-09 
1.547897e-09 
1.540755e-09 
1.533659e-09 
1.526608e-09 
1.519603e-09 
1.512643e-09 
1.505728e-09 
1.498856e-09 
1.492029e-09 
1.485246e-09 
1.478505e-09 
1.471808e-09 
1.465153e-09 
1.458540e-09 
1.451970e-09 
1.445441e-09 
1.438953e-09 
1.432506e-09 
1.426100e-09 
1.419734e-09 
1.413408e-09 
1.407122e-09 
1.400875e-09 
1.394667e-09 
1.388498e-09 
1.382368e-09 
1.376275e-09 
1.370221e-09 
1.364204e-09 
1.358225e-09 
1.352282e-09 
1.346376e-09 
1.340507e-09 
1.334674e-09 
1.328877e-09 
1.323115e-09 
1.317389e-09 
1.311698e-09 
1.306042e-09 
1.300420e-09 
1.294833e-09 
1.289279e-09 
1.283760e-09 
1.278274e-09 
1.272821e-09 
1.267401e-09 
1.262014e-09 
1.256660e-09 
1.251338e-09 
1.246048e-09 
1.240790e-09 
1.235563e-09 
1.230368e-09 
1.225204e-09 
1.220071e-09 
1.214968e-09 
1.209896e-09 
1.204854e-09 
1.199842e-09 
1.194860e-09 
1.189908e-09 
1.184984e-09 
1.180090e-09 
1.175225e-09 
1.170388e-09 
1.165580e-09 
1.160800e-09 
1.156049e-09 
1.151324e-09 
1.146627e-09 
1.141957e-09 
1.137315e-09 
1.132699e-09 
1.128111e-09 
1.123549e-09 
1.119014e-09 
1.114505e-09 
1.110022e-09 
1.105565e-09 
1.101134e-09 
1.096728e-09 
1.092348e-09 
1.087993e-09 
1.083663e-09 
1.079358e-09 
1.075077e-09 
1.070821e-09 
1.066589e-09 
1.062381e-09 
1.058197e-09 
1.054037e-09 
1.049901e-09 
1.045788e-09 
1.041699e-09 
1.037632e-09 
1.033588e-09 
1.029568e-09 
1.025570e-09 
1.021594e-09 
1.017641e-09 
1.013709e-09 
1.009800e-09 
1.005913e-09 
1.002047e-09 
9.982034e-10 
9.943808e-10 
9.905794e-10 
9.867991e-10 
9.830398e-10 
9.793014e-10 
9.755835e-10 
9.718862e-10 
9.682094e-10 
9.645527e-10 
9.609162e-10 
9.572996e-10 
9.537029e-10 
9.501258e-10 
9.465684e-10 
9.430303e-10 
9.395116e-10 
9.360120e-10 
9.325315e-10 
9.290698e-10 
9.256270e-10 
9.222028e-10 
9.187971e-10 
9.154098e-10 
9.120408e-10 
9.086900e-10 
9.053571e-10 
9.020422e-10 
8.987451e-10 
8.954657e-10 
8.922038e-10 
8.889593e-10 
8.857321e-10 
8.825222e-10 
8.793293e-10 
8.761534e-10 
8.729944e-10 
8.698521e-10 
8.667265e-10 
8.636174e-10 
8.605246e-10 
8.574483e-10 
8.543881e-10 
8.513440e-10 
8.483158e-10 
8.453036e-10 
8.423072e-10 
8.393264e-10 
8.363612e-10 
8.334114e-10 
8.304771e-10 
8.275580e-10 
8.246540e-10 
8.217652e-10 
8.188913e-10 
8.160323e-10 
8.131880e-10 
8.103585e-10 
8.075435e-10 
8.047430e-10 
8.019569e-10 
7.991852e-10 
7.964276e-10 
7.936842e-10 
7.909548e-10 
7.882393e-10 
7.855377e-10 
7.828498e-10 
7.801757e-10 
7.775151e-10 
7.748680e-10 
7.722343e-10 
7.696140e-10 
7.670069e-10 
7.644129e-10 
7.618321e-10 
7.592642e-10 
7.567092e-10 
7.541671e-10 
7.516377e-10 
7.491210e-10 
7.466169e-10 
7.441253e-10 
7.416461e-10 
7.391792e-10 
7.367247e-10 
7.342823e-10 
7.318521e-10 
7.294339e-10 
7.270277e-10 
7.246333e-10 
7.222508e-10 
7.198801e-10 
7.175210e-10 
7.151735e-10 
7.128376e-10 
7.105131e-10 
7.082000e-10 
7.058982e-10 
7.036076e-10 
7.013283e-10 
6.990600e-10 
6.968028e-10 
6.945566e-10 
6.923213e-10 
6.900968e-10 
6.878831e-10 
6.856800e-10 
6.834877e-10 
6.813059e-10 
6.791346e-10 
6.769738e-10 
6.748233e-10 
6.726832e-10 
6.705534e-10 
6.684337e-10 
6.663242e-10 
6.642247e-10 
6.621353e-10 
6.600558e-10 
6.579862e-10 
6.559264e-10 
6.538764e-10 
6.518361e-10 
6.498055e-10 
6.477845e-10 
6.457730e-10 
6.437710e-10 
6.417785e-10 
6.397953e-10 
6.378214e-10 
6.358568e-10 
6.339014e-10 
6.319551e-10 
6.300179e-10 
6.280898e-10 
6.261707e-10 
6.242605e-10 
6.223592e-10 
6.204667e-10 
6.185830e-10 
6.167080e-10 
6.148417e-10 
6.129840e-10 
6.111349e-10 
6.092944e-10 
6.074623e-10 
6.056386e-10 
6.038233e-10 
6.020163e-10 
6.002176e-10 
5.984271e-10 
5.966448e-10 
5.948707e-10 
5.931046e-10 
5.913466e-10 
5.895966e-10 
5.878545e-10 
5.861203e-10 
5.843940e-10 
5.826755e-10 
5.809647e-10 
5.792617e-10 
5.775664e-10 
5.758790e-10 
5.741992e-10 
5.725269e-10 
5.708621e-10 
5.692048e-10 
5.675549e-10 
5.659124e-10 
5.642772e-10 
5.626493e-10 
5.610287e-10 
5.594152e-10 
5.578090e-10 
5.562098e-10 
5.546178e-10 
5.530327e-10 
5.514547e-10 
5.498837e-10 
5.483196e-10 
5.467623e-10 
5.452120e-10 
5.436684e-10 
5.421316e-10 
5.406015e-10 
5.390782e-10 
5.375615e-10 
5.360514e-10 
5.345479e-10 
5.330510e-10 
5.315605e-10 
5.300766e-10 
5.285991e-10 
5.271280e-10 
5.256632e-10 
5.242048e-10 
5.227527e-10 
5.213069e-10 
5.198673e-10 
5.184339e-10 
5.170067e-10 
5.155856e-10 
5.141705e-10 
5.127616e-10 
5.113587e-10 
5.099617e-10 
5.085708e-10 
5.071857e-10 
5.058066e-10 
5.044333e-10 
5.030659e-10 
5.017043e-10 
5.003484e-10 
4.989983e-10 
4.976539e-10 
4.963151e-10 
4.949820e-10 
4.936545e-10 
4.923327e-10 
4.910163e-10 
4.897055e-10 
4.884002e-10 
4.871004e-10 
4.858060e-10 
4.845170e-10 
4.832333e-10 
4.819551e-10 
4.806821e-10 
4.794145e-10 
4.781521e-10 
4.768950e-10 
4.756430e-10 
4.743963e-10 
4.731547e-10 
4.719182e-10 
4.706868e-10 
4.694605e-10 
4.682392e-10 
4.670230e-10 
4.658118e-10 
4.646055e-10 
4.634042e-10 
4.622077e-10 
4.610162e-10 
4.598295e-10 
4.586477e-10 
4.574707e-10 
4.562984e-10 
4.551310e-10 
4.539682e-10 
4.528102e-10 
4.516569e-10 
4.505082e-10 
4.493641e-10 
4.482247e-10 
4.470899e-10 
4.459596e-10 
4.448339e-10 
4.437127e-10 
4.425960e-10 
4.414838e-10 
4.403760e-10 
4.392727e-10 
4.381737e-10 
4.370791e-10 
4.359889e-10 
4.349031e-10 
4.338215e-10 
4.327442e-10 
4.316712e-10 
4.306025e-10 
4.295380e-10 
4.284777e-10 
4.274215e-10 
4.263696e-10 
4.253218e-10 
4.242781e-10 
4.232384e-10 
4.222029e-10 
4.211715e-10 
4.201440e-10 
4.191206e-10 
4.181012e-10 
4.170857e-10 
4.160743e-10 
4.150667e-10 
4.140631e-10 
4.130633e-10 
4.120675e-10 
4.110755e-10 
4.100873e-10 
4.091030e-10 
4.081224e-10 
4.071457e-10 
4.061727e-10 
4.052034e-10 
4.042379e-10 
4.032761e-10 
4.023179e-10 
4.013635e-10 
4.004127e-10 
3.994655e-10 
3.985219e-10 
3.975819e-10 
3.966456e-10 
3.957127e-10 
3.947834e-10 
3.938577e-10 
3.929354e-10 
3.920167e-10 
3.911014e-10 
3.901896e-10 
3.892812e-10 
3.883763e-10 
3.874747e-10 
3.865765e-10 
3.856818e-10 
3.847903e-10 
3.839022e-10 
3.830175e-10 
3.821360e-10 
3.812579e-10 
3.803830e-10 
3.795114e-10 
3.786430e-10 
3.777778e-10 
3.769159e-10 
3.760572e-10 
3.752016e-10 
3.743492e-10 
3.735000e-10 
3.726539e-10 
3.718109e-10 
3.709711e-10 
3.701343e-10 
3.693006e-10 
3.684699e-10 
3.676424e-10 
3.668178e-10 
3.659963e-10 
3.651777e-10 
3.643622e-10 
3.635496e-10 
3.627400e-10 
3.619333e-10 
3.611296e-10 
3.603288e-10 
3.595309e-10 
3.587359e-10 
3.579438e-10 
3.571545e-10 
3.563681e-10 
3.555845e-10 
3.548037e-10 
3.540258e-10 
3.532506e-10 
3.524783e-10 
3.517087e-10 
3.509418e-10 
3.501777e-10 
3.494164e-10 
3.486578e-10 
3.479018e-10 
3.471486e-10 
3.463980e-10 
3.456501e-10 
3.449049e-10 
3.441623e-10 
3.434224e-10 
3.426850e-10 
3.419503e-10 
3.412182e-10 
3.404886e-10 
3.397617e-10 
3.390373e-10 
3.383154e-10 
3.375961e-10 
3.368793e-10 
3.361650e-10 
3.354532e-10 
3.347439e-10 
3.340370e-10 
3.333327e-10 
3.326308e-10 
3.319313e-10 
3.312343e-10 
3.305397e-10 
3.298475e-10 
3.291577e-10 
3.284703e-10 
3.277853e-10 
3.271027e-10 
3.264224e-10 
3.257444e-10 
3.250688e-10 
3.243955e-10 
3.237245e-10 
3.230559e-10 
3.223895e-10 
3.217254e-10 
3.210636e-10 
3.204040e-10 
3.197467e-10 
3.190916e-10 
3.184388e-10 
3.177882e-10 
3.171398e-10 
3.164936e-10 
3.158496e-10 
3.152077e-10 
3.145681e-10 
3.139306e-10 
3.132953e-10 
3.126621e-10 
3.120310e-10 
3.114021e-10 
3.107753e-10 
3.101506e-10 
3.095279e-10 
3.089074e-10 
3.082890e-10 
3.076726e-10 
3.070583e-10 
3.064460e-10 
3.058358e-10 
3.052276e-10 
3.046214e-10 
3.040173e-10 
3.034151e-10 
3.028150e-10 
3.022168e-10 
3.016206e-10 
3.010264e-10 
3.004341e-10 
2.998438e-10 
2.992555e-10 
2.986691e-10 
2.980846e-10 
2.975020e-10 
2.969214e-10 
2.963426e-10 
2.957657e-10 
2.951908e-10 
2.946177e-10 
2.940465e-10 
2.934771e-10 
2.929096e-10 
2.923439e-10 
2.917801e-10 
2.912181e-10 
2.906579e-10 
2.900996e-10 
2.895430e-10 
2.889883e-10 
2.884353e-10 
2.878842e-10 
2.873348e-10 
2.867871e-10 
2.862413e-10 
2.856972e-10 
2.851548e-10 
2.846142e-10 
2.840753e-10 
2.835381e-10 
2.830026e-10 
2.824689e-10 
2.819368e-10 
2.814065e-10 
2.808778e-10 
2.803508e-10 
2.798255e-10 
2.793019e-10 
2.787799e-10 
2.782595e-10 
2.777408e-10 
2.772238e-10 
2.767084e-10 
2.761946e-10 
2.756824e-10 
2.751718e-10 
2.746629e-10 
2.741555e-10 
2.736497e-10 
2.731455e-10 
2.726429e-10 
2.721419e-10 
2.716424e-10 
2.711445e-10 
2.706481e-10 
2.701533e-10 
2.696600e-10 
2.691682e-10 
2.686780e-10 
2.681893e-10 
2.677021e-10 
2.672164e-10 
2.667322e-10 
2.662495e-10 
2.657683e-10 
2.652885e-10 
2.648103e-10 
2.643335e-10 
2.638582e-10 
2.633843e-10 
2.629119e-10 
2.624410e-10 
2.619714e-10 
2.615033e-10 
2.610367e-10 
2.605714e-10 
2.601076e-10 
2.596452e-10 
2.591842e-10 
2.587246e-10 
2.582664e-10 
2.578096e-10 
2.573541e-10 
2.569001e-10 
2.564474e-10 
2.559960e-10 
2.555461e-10 
2.550974e-10 
2.546502e-10 
2.542043e-10 
2.537597e-10 
2.533164e-10 
2.528745e-10 
2.524339e-10 
2.519946e-10 
2.515566e-10 
2.511200e-10 
2.506846e-10 
2.502505e-10 
2.498177e-10 
2.493862e-10 
2.489560e-10 
2.485271e-10 
2.480994e-10 
2.476730e-10 
2.472479e-10 
2.468240e-10 
2.464013e-10 
2.459800e-10 
2.455598e-10 
2.451409e-10 
2.447232e-10 
2.443067e-10 
2.438915e-10 
2.434775e-10 
2.430646e-10 
2.426530e-10 
2.422426e-10 
2.418334e-10 
2.414254e-10 
2.410186e-10 
2.406129e-10 
2.402085e-10 
2.398052e-10 
2.394030e-10 
2.390021e-10 
2.386023e-10 
2.382036e-10 
2.378061e-10 
2.374098e-10 
2.370146e-10 
2.366205e-10 
2.362275e-10 
2.358357e-10 
2.354450e-10 
2.350555e-10 
2.346670e-10 
2.342797e-10 
2.338934e-10 
2.335083e-10 
2.331243e-10 
2.327413e-10 
2.323595e-10 
2.319787e-10 
2.315990e-10 
2.312204e-10 
2.308429e-10 
2.304665e-10 
2.300911e-10 
2.297167e-10 
2.293434e-10 
2.289712e-10 
2.286000e-10 
2.282299e-10 
2.278608e-10 
2.274928e-10 
2.271257e-10 
2.267597e-10 
2.263948e-10 
2.260308e-10 
2.256679e-10 
2.253060e-10 
2.249451e-10 
2.245852e-10 
2.242263e-10 
2.238684e-10 
2.235115e-10 
2.231555e-10 
2.228006e-10 
2.224467e-10 
2.220937e-10 
2.217417e-10 
2.213907e-10 
2.210406e-10 
2.206915e-10 
2.203434e-10 
2.199963e-10 
2.196500e-10 
2.193048e-10 
2.189605e-10 
2.186171e-10 
2.182747e-10 
2.179332e-10 
2.175926e-10 
2.172530e-10 
2.169143e-10 
2.165765e-10 
2.162396e-10 
2.159037e-10 
2.155686e-10 
2.152345e-10 
2.149013e-10 
2.145690e-10 
2.142375e-10 
2.139070e-10 
2.135774e-10 
2.132486e-10 
2.129208e-10 
2.125938e-10 
2.122677e-10 
2.119425e-10 
2.116181e-10 
2.112947e-10 
2.109720e-10 
2.106503e-10 
2.103294e-10 
2.100094e-10 
2.096902e-10 
2.093719e-10 
2.090544e-10 
2.087378e-10 
2.084220e-10 
2.081070e-10 
2.077929e-10 
2.074796e-10 
2.071671e-10 
2.068555e-10 
2.065447e-10 
2.062347e-10 
2.059255e-10 
2.056172e-10 
2.053096e-10 
2.050029e-10 
2.046970e-10 
2.043919e-10 
2.040875e-10 
2.037840e-10 
2.034813e-10 
