   5.06773071616e+07    5.06773071616e+09    5.06773071616e+06    6.01000000000e+00 
991 
3.580014e-03 
3.024560e-03 
2.578490e-03 
2.217452e-03 
1.920631e-03 
1.677920e-03 
1.476541e-03 
1.306477e-03 
1.164041e-03 
1.041285e-03 
9.359978e-04 
8.455657e-04 
7.657582e-04 
6.957053e-04 
6.344257e-04 
5.794032e-04 
5.294064e-04 
4.850897e-04 
4.424063e-04 
4.033063e-04 
3.640352e-04 
3.152598e-04 
2.708372e-04 
2.755418e-04 
2.803916e-04 
2.787576e-04 
2.693260e-04 
2.683255e-04 
2.621795e-04 
2.544980e-04 
2.458806e-04 
2.371458e-04 
2.286120e-04 
2.200468e-04 
2.118265e-04 
2.038841e-04 
1.962504e-04 
1.889477e-04 
1.819247e-04 
1.752545e-04 
1.688492e-04 
1.628066e-04 
1.569947e-04 
1.514973e-04 
1.462470e-04 
1.412432e-04 
1.364702e-04 
1.319177e-04 
1.275694e-04 
1.234202e-04 
1.194633e-04 
1.156827e-04 
1.120673e-04 
1.086125e-04 
1.053115e-04 
1.021496e-04 
9.912485e-05 
9.622598e-05 
9.344718e-05 
9.078392e-05 
8.822917e-05 
8.577478e-05 
8.341822e-05 
8.115521e-05 
7.898213e-05 
7.689322e-05 
7.488417e-05 
7.295125e-05 
7.109092e-05 
6.929987e-05 
6.757423e-05 
6.591046e-05 
6.430599e-05 
6.275784e-05 
6.126364e-05 
5.982107e-05 
5.842806e-05 
5.708234e-05 
5.578177e-05 
5.452463e-05 
5.330890e-05 
5.213272e-05 
5.099417e-05 
4.989206e-05 
4.882528e-05 
4.779173e-05 
4.679028e-05 
4.581966e-05 
4.487874e-05 
4.396617e-05 
4.308064e-05 
4.222128e-05 
4.138706e-05 
4.057701e-05 
3.979019e-05 
3.902571e-05 
3.828278e-05 
3.756059e-05 
3.685839e-05 
3.617545e-05 
3.551108e-05 
3.486461e-05 
3.423543e-05 
3.362291e-05 
3.302649e-05 
3.244561e-05 
3.187974e-05 
3.132838e-05 
3.079129e-05 
3.026793e-05 
2.975766e-05 
2.926005e-05 
2.877467e-05 
2.830115e-05 
2.783909e-05 
2.738812e-05 
2.694791e-05 
2.651811e-05 
2.609839e-05 
2.568845e-05 
2.528799e-05 
2.489671e-05 
2.451434e-05 
2.414061e-05 
2.377537e-05 
2.341831e-05 
2.306913e-05 
2.272762e-05 
2.239355e-05 
2.206670e-05 
2.174686e-05 
2.143384e-05 
2.112745e-05 
2.082749e-05 
2.053379e-05 
2.024617e-05 
1.996447e-05 
1.968852e-05 
1.941818e-05 
1.915328e-05 
1.889368e-05 
1.863924e-05 
1.838989e-05 
1.814554e-05 
1.790595e-05 
1.767099e-05 
1.744054e-05 
1.721449e-05 
1.699273e-05 
1.677514e-05 
1.656162e-05 
1.635207e-05 
1.614638e-05 
1.594447e-05 
1.574624e-05 
1.555159e-05 
1.536045e-05 
1.517272e-05 
1.498832e-05 
1.480718e-05 
1.462921e-05 
1.445434e-05 
1.428251e-05 
1.411393e-05 
1.394824e-05 
1.378535e-05 
1.362521e-05 
1.346774e-05 
1.331289e-05 
1.316059e-05 
1.301078e-05 
1.286341e-05 
1.271842e-05 
1.257575e-05 
1.243536e-05 
1.229719e-05 
1.216118e-05 
1.202730e-05 
1.189550e-05 
1.176572e-05 
1.163793e-05 
1.151207e-05 
1.138812e-05 
1.126601e-05 
1.114573e-05 
1.102738e-05 
1.091113e-05 
1.079657e-05 
1.068365e-05 
1.057233e-05 
1.046257e-05 
1.035435e-05 
1.024761e-05 
1.014232e-05 
1.003846e-05 
9.935978e-06 
9.834850e-06 
9.735042e-06 
9.636524e-06 
9.539264e-06 
9.443567e-06 
9.349332e-06 
9.256233e-06 
9.164225e-06 
9.073268e-06 
8.983320e-06 
8.894341e-06 
8.806295e-06 
8.719143e-06 
8.632850e-06 
8.547380e-06 
8.463631e-06 
8.380874e-06 
8.298724e-06 
8.217097e-06 
8.135913e-06 
8.055094e-06 
7.974566e-06 
7.894162e-06 
7.813926e-06 
7.734125e-06 
7.654919e-06 
7.576464e-06 
7.498911e-06 
7.415711e-06 
7.333634e-06 
7.252678e-06 
7.166626e-06 
7.076086e-06 
6.977139e-06 
6.869140e-06 
6.757718e-06 
6.658775e-06 
6.585441e-06 
6.540729e-06 
6.529014e-06 
6.531832e-06 
6.530998e-06 
6.526169e-06 
6.509335e-06 
6.487554e-06 
6.462042e-06 
6.428636e-06 
6.395160e-06 
6.362010e-06 
6.326516e-06 
6.289220e-06 
6.252082e-06 
6.214954e-06 
6.177694e-06 
6.139997e-06 
6.101886e-06 
6.063551e-06 
6.025054e-06 
5.986455e-06 
5.947810e-06 
5.909175e-06 
5.871072e-06 
5.833088e-06 
5.795206e-06 
5.757447e-06 
5.719832e-06 
5.682378e-06 
5.645105e-06 
5.608133e-06 
5.571402e-06 
5.534885e-06 
5.498591e-06 
5.462526e-06 
5.426697e-06 
5.391111e-06 
5.355773e-06 
5.320733e-06 
5.286040e-06 
5.251607e-06 
5.217435e-06 
5.183526e-06 
5.149882e-06 
5.116503e-06 
5.083391e-06 
5.050547e-06 
5.018021e-06 
4.985792e-06 
4.953830e-06 
4.922134e-06 
4.890701e-06 
4.859531e-06 
4.828621e-06 
4.797972e-06 
4.767581e-06 
4.737455e-06 
4.707592e-06 
4.677983e-06 
4.648624e-06 
4.619514e-06 
4.590651e-06 
4.562032e-06 
4.533655e-06 
4.505518e-06 
4.477620e-06 
4.449958e-06 
4.422533e-06 
4.395358e-06 
4.368414e-06 
4.341697e-06 
4.315206e-06 
4.288940e-06 
4.262895e-06 
4.237070e-06 
4.211453e-06 
4.186047e-06 
4.160855e-06 
4.135876e-06 
4.111108e-06 
4.086550e-06 
4.062198e-06 
4.038052e-06 
4.014111e-06 
3.990387e-06 
3.966871e-06 
3.943553e-06 
3.920431e-06 
3.897503e-06 
3.874767e-06 
3.852216e-06 
3.829854e-06 
3.807678e-06 
3.785686e-06 
3.763875e-06 
3.742244e-06 
3.720792e-06 
3.699515e-06 
3.678417e-06 
3.657491e-06 
3.636736e-06 
3.616150e-06 
3.595731e-06 
3.575477e-06 
3.555387e-06 
3.535454e-06 
3.515673e-06 
3.496052e-06 
3.476588e-06 
3.457281e-06 
3.438128e-06 
3.419129e-06 
3.400288e-06 
3.381604e-06 
3.363069e-06 
3.344682e-06 
3.326441e-06 
3.308345e-06 
3.290393e-06 
3.272584e-06 
3.254915e-06 
3.237387e-06 
3.219990e-06 
3.202724e-06 
3.185594e-06 
3.168599e-06 
3.151737e-06 
3.135008e-06 
3.118409e-06 
3.101949e-06 
3.085628e-06 
3.069434e-06 
3.053361e-06 
3.037393e-06 
3.021548e-06 
3.005824e-06 
2.990219e-06 
2.974733e-06 
2.959364e-06 
2.944111e-06 
2.928972e-06 
2.913946e-06 
2.899033e-06 
2.884230e-06 
2.869537e-06 
2.854953e-06 
2.840477e-06 
2.826108e-06 
2.811846e-06 
2.797688e-06 
2.783635e-06 
2.769685e-06 
2.755838e-06 
2.742095e-06 
2.728458e-06 
2.714920e-06 
2.701481e-06 
2.688140e-06 
2.674895e-06 
2.661747e-06 
2.648694e-06 
2.635735e-06 
2.622869e-06 
2.610096e-06 
2.597415e-06 
2.584821e-06 
2.572317e-06 
2.559902e-06 
2.547575e-06 
2.535336e-06 
2.523183e-06 
2.511117e-06 
2.499135e-06 
2.487238e-06 
2.475424e-06 
2.463693e-06 
2.452045e-06 
2.440477e-06 
2.428990e-06 
2.417586e-06 
2.406261e-06 
2.395014e-06 
2.383845e-06 
2.372753e-06 
2.361737e-06 
2.350797e-06 
2.339931e-06 
2.329140e-06 
2.318423e-06 
2.307778e-06 
2.297206e-06 
2.286706e-06 
2.276276e-06 
2.265917e-06 
2.255627e-06 
2.245407e-06 
2.235256e-06 
2.225172e-06 
2.215156e-06 
2.205206e-06 
2.195323e-06 
2.185506e-06 
2.175753e-06 
2.166065e-06 
2.156441e-06 
2.146880e-06 
2.137382e-06 
2.127947e-06 
2.118573e-06 
2.109260e-06 
2.100008e-06 
2.090816e-06 
2.081683e-06 
2.072610e-06 
2.063595e-06 
2.054639e-06 
2.045740e-06 
2.036898e-06 
2.028112e-06 
2.019383e-06 
2.010710e-06 
2.002092e-06 
1.993528e-06 
1.985019e-06 
1.976564e-06 
1.968162e-06 
1.959813e-06 
1.951516e-06 
1.943272e-06 
1.935079e-06 
1.926938e-06 
1.918847e-06 
1.910807e-06 
1.902817e-06 
1.894876e-06 
1.886984e-06 
1.879141e-06 
1.871347e-06 
1.863600e-06 
1.855901e-06 
1.848249e-06 
1.840644e-06 
1.833086e-06 
1.825573e-06 
1.818106e-06 
1.810685e-06 
1.803308e-06 
1.795977e-06 
1.788689e-06 
1.781445e-06 
1.774245e-06 
1.767088e-06 
1.759974e-06 
1.752902e-06 
1.745873e-06 
1.738885e-06 
1.731940e-06 
1.725035e-06 
1.718172e-06 
1.711349e-06 
1.704566e-06 
1.697823e-06 
1.691120e-06 
1.684456e-06 
1.677831e-06 
1.671245e-06 
1.664697e-06 
1.658188e-06 
1.651716e-06 
1.645282e-06 
1.638885e-06 
1.632525e-06 
1.626202e-06 
1.619915e-06 
1.613664e-06 
1.607449e-06 
1.601269e-06 
1.595125e-06 
1.589016e-06 
1.582942e-06 
1.576903e-06 
1.570897e-06 
1.564926e-06 
1.558988e-06 
1.553084e-06 
1.547213e-06 
1.541375e-06 
1.535570e-06 
1.529797e-06 
1.524057e-06 
1.518349e-06 
1.512672e-06 
1.507027e-06 
1.501414e-06 
1.495832e-06 
1.490280e-06 
1.484759e-06 
1.479269e-06 
1.473809e-06 
1.468381e-06 
1.462982e-06 
1.457613e-06 
1.452274e-06 
1.446963e-06 
1.441682e-06 
1.436429e-06 
1.431205e-06 
1.426009e-06 
1.420841e-06 
1.415701e-06 
1.410589e-06 
1.405504e-06 
1.400446e-06 
1.395416e-06 
1.390412e-06 
1.385435e-06 
1.380485e-06 
1.375561e-06 
1.370663e-06 
1.365792e-06 
1.360946e-06 
1.356125e-06 
1.351330e-06 
1.346561e-06 
1.341816e-06 
1.337096e-06 
1.332401e-06 
1.327731e-06 
1.323085e-06 
1.318463e-06 
1.313865e-06 
1.309292e-06 
1.304741e-06 
1.300215e-06 
1.295712e-06 
1.291232e-06 
1.286775e-06 
1.282341e-06 
1.277930e-06 
1.273541e-06 
1.269175e-06 
1.264831e-06 
1.260510e-06 
1.256210e-06 
1.251933e-06 
1.247676e-06 
1.243442e-06 
1.239229e-06 
1.235037e-06 
1.230867e-06 
1.226717e-06 
1.222588e-06 
1.218480e-06 
1.214393e-06 
1.210326e-06 
1.206279e-06 
1.202252e-06 
1.198246e-06 
1.194259e-06 
1.190293e-06 
1.186346e-06 
1.182419e-06 
1.178511e-06 
1.174622e-06 
1.170753e-06 
1.166902e-06 
1.163071e-06 
1.159258e-06 
1.155464e-06 
1.151688e-06 
1.147931e-06 
1.144192e-06 
1.140471e-06 
1.136769e-06 
1.133084e-06 
1.129417e-06 
1.125768e-06 
1.122136e-06 
1.118522e-06 
1.114925e-06 
1.111345e-06 
1.107783e-06 
1.104238e-06 
1.100709e-06 
1.097197e-06 
1.093703e-06 
1.090224e-06 
1.086762e-06 
1.083317e-06 
1.079888e-06 
1.076475e-06 
1.073078e-06 
1.069697e-06 
1.066332e-06 
1.062983e-06 
1.059650e-06 
1.056332e-06 
1.053029e-06 
1.049743e-06 
1.046471e-06 
1.043214e-06 
1.039973e-06 
1.036747e-06 
1.033536e-06 
1.030339e-06 
1.027157e-06 
1.023990e-06 
1.020838e-06 
1.017700e-06 
1.014576e-06 
1.011467e-06 
1.008372e-06 
1.005291e-06 
1.002224e-06 
9.991708e-07 
9.961317e-07 
9.931064e-07 
9.900949e-07 
9.870970e-07 
9.841126e-07 
9.811417e-07 
9.781841e-07 
9.752399e-07 
9.723090e-07 
9.693911e-07 
9.664864e-07 
9.635946e-07 
9.607158e-07 
9.578497e-07 
9.549965e-07 
9.521559e-07 
9.493280e-07 
9.465126e-07 
9.437097e-07 
9.409191e-07 
9.381409e-07 
9.353750e-07 
9.326214e-07 
9.298805e-07 
9.271516e-07 
9.244346e-07 
9.217296e-07 
9.190363e-07 
9.163549e-07 
9.136851e-07 
9.110269e-07 
9.083803e-07 
9.057452e-07 
9.031214e-07 
9.005091e-07 
8.979080e-07 
8.953181e-07 
8.927395e-07 
8.901719e-07 
8.876153e-07 
8.850697e-07 
8.825350e-07 
8.800111e-07 
8.774981e-07 
8.749957e-07 
8.725040e-07 
8.700229e-07 
8.675524e-07 
8.650923e-07 
8.626427e-07 
8.602034e-07 
8.577744e-07 
8.553557e-07 
8.529471e-07 
8.505487e-07 
8.481604e-07 
8.457821e-07 
8.434137e-07 
8.410553e-07 
8.387067e-07 
8.363679e-07 
8.340389e-07 
8.317195e-07 
8.294098e-07 
8.271097e-07 
8.248191e-07 
8.225380e-07 
8.202663e-07 
8.180039e-07 
8.157509e-07 
8.135072e-07 
8.112727e-07 
8.090474e-07 
8.068312e-07 
8.046240e-07 
8.024259e-07 
8.002368e-07 
7.980566e-07 
7.958852e-07 
7.937227e-07 
7.915690e-07 
7.894240e-07 
7.872877e-07 
7.851600e-07 
7.830410e-07 
7.809305e-07 
7.788284e-07 
7.767349e-07 
7.746497e-07 
7.725729e-07 
7.705045e-07 
7.684443e-07 
7.663923e-07 
7.643486e-07 
7.623130e-07 
7.602855e-07 
7.582660e-07 
7.562546e-07 
7.542511e-07 
7.522556e-07 
7.502680e-07 
7.482882e-07 
7.463162e-07 
7.443520e-07 
7.423956e-07 
7.404468e-07 
7.385057e-07 
7.365722e-07 
7.346462e-07 
7.327278e-07 
7.308168e-07 
7.289134e-07 
7.270173e-07 
7.251286e-07 
7.232474e-07 
7.213735e-07 
7.195069e-07 
7.176476e-07 
7.157954e-07 
7.139504e-07 
7.121125e-07 
7.102817e-07 
7.084579e-07 
7.066411e-07 
7.048313e-07 
7.030284e-07 
7.012324e-07 
6.994432e-07 
6.976609e-07 
6.958854e-07 
6.941167e-07 
6.923547e-07 
6.905993e-07 
6.888506e-07 
6.871086e-07 
6.853731e-07 
6.836442e-07 
6.819218e-07 
6.802059e-07 
6.784965e-07 
6.767934e-07 
6.750968e-07 
6.734066e-07 
6.717226e-07 
6.700450e-07 
6.683736e-07 
6.667085e-07 
6.650496e-07 
6.633968e-07 
6.617502e-07 
6.601097e-07 
6.584753e-07 
6.568470e-07 
6.552247e-07 
6.536083e-07 
6.519979e-07 
6.503935e-07 
6.487950e-07 
6.472023e-07 
6.456155e-07 
6.440345e-07 
6.424594e-07 
6.408899e-07 
6.393262e-07 
6.377682e-07 
6.362159e-07 
6.346693e-07 
6.331283e-07 
6.315928e-07 
6.300630e-07 
6.285387e-07 
6.270199e-07 
6.255066e-07 
6.239987e-07 
6.224963e-07 
6.209993e-07 
6.195077e-07 
6.180215e-07 
6.165406e-07 
6.150650e-07 
6.135946e-07 
6.121296e-07 
6.106698e-07 
6.092152e-07 
6.077657e-07 
6.063215e-07 
6.048823e-07 
6.034483e-07 
6.020194e-07 
6.005955e-07 
5.991767e-07 
5.977629e-07 
5.963540e-07 
5.949502e-07 
5.935513e-07 
5.921573e-07 
5.907682e-07 
5.893840e-07 
5.880046e-07 
5.866301e-07 
5.852604e-07 
5.838954e-07 
5.825353e-07 
5.811798e-07 
5.798291e-07 
5.784831e-07 
5.771418e-07 
5.758052e-07 
5.744733e-07 
5.731459e-07 
5.718232e-07 
5.705050e-07 
5.691913e-07 
5.678822e-07 
5.665776e-07 
5.652775e-07 
5.639818e-07 
5.626906e-07 
5.614038e-07 
5.601215e-07 
5.588435e-07 
5.575698e-07 
5.563006e-07 
5.550356e-07 
5.537749e-07 
5.525186e-07 
5.512665e-07 
5.500186e-07 
5.487750e-07 
5.475356e-07 
5.463004e-07 
5.450693e-07 
5.438424e-07 
5.426196e-07 
5.414010e-07 
5.401864e-07 
5.389759e-07 
5.377695e-07 
5.365672e-07 
5.353688e-07 
5.341745e-07 
5.329841e-07 
5.317977e-07 
5.306153e-07 
5.294368e-07 
5.282623e-07 
5.270916e-07 
5.259248e-07 
5.247619e-07 
5.236028e-07 
5.224476e-07 
5.212961e-07 
5.201485e-07 
5.190047e-07 
5.178646e-07 
5.167282e-07 
5.155956e-07 
5.144667e-07 
5.133416e-07 
5.122200e-07 
5.111022e-07 
5.099880e-07 
5.088775e-07 
5.077706e-07 
5.066673e-07 
5.055675e-07 
5.044714e-07 
5.033788e-07 
5.022897e-07 
5.012042e-07 
5.001222e-07 
4.990437e-07 
4.979686e-07 
4.968971e-07 
4.958290e-07 
4.947643e-07 
4.937030e-07 
4.926452e-07 
4.915907e-07 
4.905397e-07 
4.894920e-07 
4.884476e-07 
4.874066e-07 
4.863689e-07 
4.853345e-07 
4.843034e-07 
4.832756e-07 
4.822510e-07 
4.812297e-07 
4.802117e-07 
4.791969e-07 
4.781852e-07 
4.771768e-07 
4.761716e-07 
4.751695e-07 
4.741706e-07 
4.731748e-07 
4.721822e-07 
4.711927e-07 
4.702063e-07 
4.692230e-07 
4.682427e-07 
4.672656e-07 
4.662915e-07 
4.653204e-07 
4.643524e-07 
4.633874e-07 
4.624254e-07 
4.614664e-07 
4.605103e-07 
4.595573e-07 
4.586072e-07 
4.576600e-07 
4.567157e-07 
4.557744e-07 
4.548359e-07 
4.539004e-07 
4.529677e-07 
4.520380e-07 
4.511110e-07 
4.501869e-07 
4.492657e-07 
4.483473e-07 
4.474316e-07 
4.465188e-07 
4.456088e-07 
4.447015e-07 
4.437970e-07 
4.428953e-07 
4.419963e-07 
4.411001e-07 
4.402065e-07 
4.393157e-07 
4.384276e-07 
4.375421e-07 
4.366594e-07 
4.357793e-07 
4.349018e-07 
4.340270e-07 
4.331549e-07 
4.322853e-07 
4.314184e-07 
1.550720e-03 
1.132702e-03 
8.503467e-04 
6.532396e-04 
5.117566e-04 
4.077502e-04 
3.273252e-04 
2.663029e-04 
2.192401e-04 
1.824130e-04 
1.532192e-04 
1.292661e-04 
1.099301e-04 
9.416784e-05 
8.120348e-05 
7.045270e-05 
6.147014e-05 
5.391261e-05 
4.751295e-05 
4.206128e-05 
3.739125e-05 
3.331852e-05 
9.856940e-05 
8.917362e-05 
1.105279e-04 
1.002369e-04 
9.112473e-05 
9.511603e-05 
8.678145e-05 
7.936665e-05 
7.275028e-05 
6.660915e-05 
6.111671e-05 
5.619133e-05 
5.176322e-05 
4.777251e-05 
4.416766e-05 
4.090412e-05 
3.794331e-05 
3.525168e-05 
3.279996e-05 
3.054451e-05 
2.848376e-05 
2.659762e-05 
2.486841e-05 
2.328050e-05 
2.182009e-05 
2.047491e-05 
1.923408e-05 
1.808792e-05 
1.702775e-05 
1.603301e-05 
1.511129e-05 
1.425617e-05 
1.346189e-05 
1.272327e-05 
1.203563e-05 
1.139476e-05 
1.079685e-05 
1.023845e-05 
9.716416e-06 
9.227919e-06 
8.770373e-06 
8.341424e-06 
7.938928e-06 
7.560927e-06 
7.205630e-06 
6.871401e-06 
6.556739e-06 
6.260268e-06 
5.980725e-06 
5.713349e-06 
5.461029e-06 
5.222751e-06 
4.997575e-06 
4.784637e-06 
4.583138e-06 
4.392342e-06 
4.211564e-06 
4.040174e-06 
3.877586e-06 
3.723256e-06 
3.576681e-06 
3.437392e-06 
3.304954e-06 
3.178961e-06 
3.059038e-06 
2.944831e-06 
2.836014e-06 
2.732281e-06 
2.633345e-06 
2.537756e-06 
2.446545e-06 
2.359471e-06 
2.276309e-06 
2.196846e-06 
2.120886e-06 
2.048242e-06 
1.978741e-06 
1.912219e-06 
1.848522e-06 
1.787506e-06 
1.729035e-06 
1.672982e-06 
1.619226e-06 
1.567654e-06 
1.518159e-06 
1.470640e-06 
1.425003e-06 
1.381157e-06 
1.339018e-06 
1.298506e-06 
1.259545e-06 
1.222064e-06 
1.185995e-06 
1.151273e-06 
1.117839e-06 
1.085635e-06 
1.054605e-06 
1.024699e-06 
9.958671e-07 
9.680632e-07 
9.412428e-07 
9.153642e-07 
8.903873e-07 
8.662742e-07 
8.429890e-07 
8.204973e-07 
7.987665e-07 
7.777655e-07 
7.574647e-07 
7.378360e-07 
7.188524e-07 
7.004885e-07 
6.827197e-07 
6.655228e-07 
6.488755e-07 
6.327567e-07 
6.171460e-07 
6.020241e-07 
5.873726e-07 
5.730182e-07 
5.591081e-07 
5.456258e-07 
5.325556e-07 
5.198821e-07 
5.075910e-07 
4.956682e-07 
4.841005e-07 
4.728751e-07 
4.619799e-07 
4.514030e-07 
4.411333e-07 
4.311600e-07 
4.214729e-07 
4.120619e-07 
4.029176e-07 
3.940309e-07 
3.853931e-07 
3.769957e-07 
3.688306e-07 
3.608901e-07 
3.531667e-07 
3.456534e-07 
3.383431e-07 
3.312293e-07 
3.243055e-07 
3.175657e-07 
3.110040e-07 
3.046147e-07 
2.983922e-07 
2.923315e-07 
2.864273e-07 
2.806747e-07 
2.750692e-07 
2.696062e-07 
2.642812e-07 
2.590901e-07 
2.540288e-07 
2.490933e-07 
2.442800e-07 
2.395851e-07 
2.350052e-07 
2.305368e-07 
2.261766e-07 
2.219216e-07 
2.177685e-07 
2.137146e-07 
2.097568e-07 
2.058925e-07 
2.021190e-07 
1.984101e-07 
1.947880e-07 
1.912501e-07 
1.877941e-07 
1.844177e-07 
1.811188e-07 
1.778950e-07 
1.747445e-07 
1.716651e-07 
1.686549e-07 
1.657121e-07 
1.628348e-07 
1.600212e-07 
1.572697e-07 
1.545786e-07 
1.519464e-07 
1.493713e-07 
1.468520e-07 
1.443869e-07 
1.419747e-07 
1.396141e-07 
1.373035e-07 
1.350419e-07 
1.328279e-07 
1.306603e-07 
1.285379e-07 
1.264596e-07 
1.244243e-07 
1.224309e-07 
1.204784e-07 
1.185657e-07 
1.166919e-07 
1.148560e-07 
1.130571e-07 
1.112942e-07 
1.095666e-07 
1.078734e-07 
1.062136e-07 
1.045866e-07 
1.029915e-07 
1.014276e-07 
9.989419e-08 
9.839047e-08 
5.706456e-07 
5.624641e-07 
5.544325e-07 
5.465475e-07 
5.388056e-07 
5.312037e-07 
5.237384e-07 
5.164068e-07 
5.092058e-07 
5.021324e-07 
4.951839e-07 
4.883575e-07 
4.816505e-07 
4.750602e-07 
4.685841e-07 
4.622198e-07 
4.559648e-07 
4.498167e-07 
4.437733e-07 
4.378323e-07 
4.319916e-07 
4.262490e-07 
4.206026e-07 
4.150501e-07 
4.095898e-07 
4.042197e-07 
3.989379e-07 
3.937427e-07 
3.886322e-07 
3.836047e-07 
3.786586e-07 
3.737922e-07 
3.690039e-07 
3.642921e-07 
3.596553e-07 
3.550921e-07 
3.506010e-07 
3.461805e-07 
3.418293e-07 
3.375461e-07 
3.333294e-07 
3.291781e-07 
3.250909e-07 
3.210665e-07 
3.171038e-07 
3.132015e-07 
3.093586e-07 
3.055739e-07 
3.018463e-07 
2.981748e-07 
2.945583e-07 
2.909958e-07 
2.874863e-07 
2.840288e-07 
2.806224e-07 
2.772662e-07 
2.739592e-07 
2.706995e-07 
2.674873e-07 
2.643218e-07 
2.612024e-07 
2.581281e-07 
2.550982e-07 
2.521121e-07 
2.491689e-07 
2.462679e-07 
2.434084e-07 
2.405898e-07 
2.378114e-07 
2.350724e-07 
2.323724e-07 
2.297105e-07 
2.270862e-07 
2.244988e-07 
2.219478e-07 
2.194326e-07 
2.169525e-07 
2.145071e-07 
2.120957e-07 
2.097177e-07 
2.073728e-07 
2.050602e-07 
2.027795e-07 
2.005303e-07 
1.983118e-07 
1.961238e-07 
1.939657e-07 
1.918370e-07 
1.897372e-07 
1.876660e-07 
1.856227e-07 
1.836071e-07 
1.816186e-07 
1.796569e-07 
1.777215e-07 
1.758120e-07 
1.739279e-07 
1.720690e-07 
1.702348e-07 
1.684249e-07 
1.666389e-07 
1.648765e-07 
1.631374e-07 
1.614210e-07 
1.597272e-07 
1.580555e-07 
1.564057e-07 
1.547773e-07 
1.531701e-07 
1.515837e-07 
1.500178e-07 
1.484721e-07 
1.469463e-07 
1.454401e-07 
1.439532e-07 
1.424853e-07 
1.410362e-07 
1.396055e-07 
1.381929e-07 
1.367983e-07 
1.354212e-07 
1.340616e-07 
1.327190e-07 
1.313934e-07 
1.300843e-07 
1.287916e-07 
1.275150e-07 
1.262543e-07 
1.250092e-07 
1.237796e-07 
1.225651e-07 
1.213657e-07 
1.201810e-07 
1.190108e-07 
1.178550e-07 
1.167133e-07 
1.155856e-07 
1.144715e-07 
1.133710e-07 
1.122838e-07 
1.112098e-07 
1.101487e-07 
1.091004e-07 
1.080647e-07 
1.070414e-07 
1.060303e-07 
1.050313e-07 
1.040442e-07 
1.030688e-07 
1.021050e-07 
1.011526e-07 
1.002114e-07 
9.928127e-08 
9.836209e-08 
9.745369e-08 
9.655591e-08 
9.566861e-08 
9.479199e-08 
9.392554e-08 
9.306913e-08 
9.222262e-08 
9.138586e-08 
9.055873e-08 
8.974108e-08 
8.893278e-08 
8.813370e-08 
8.734372e-08 
8.656271e-08 
8.579054e-08 
8.502710e-08 
8.427226e-08 
8.352591e-08 
8.278792e-08 
8.205819e-08 
8.133660e-08 
8.062305e-08 
7.991742e-08 
7.921961e-08 
7.852950e-08 
7.784701e-08 
7.717202e-08 
7.650444e-08 
7.584417e-08 
7.519110e-08 
7.454515e-08 
7.390622e-08 
7.327421e-08 
7.264904e-08 
7.203062e-08 
7.141885e-08 
7.081366e-08 
7.021495e-08 
6.962264e-08 
6.903664e-08 
6.845689e-08 
6.788328e-08 
6.731576e-08 
6.675423e-08 
6.619861e-08 
6.564885e-08 
6.510485e-08 
6.456655e-08 
6.403387e-08 
6.350675e-08 
6.298511e-08 
6.246888e-08 
6.195799e-08 
6.145239e-08 
6.095199e-08 
6.045674e-08 
5.996657e-08 
5.948142e-08 
5.900123e-08 
5.852593e-08 
5.805546e-08 
5.758977e-08 
5.712880e-08 
5.667248e-08 
5.622076e-08 
5.577359e-08 
5.533091e-08 
5.489266e-08 
5.445879e-08 
5.402925e-08 
5.360398e-08 
5.318294e-08 
5.276606e-08 
5.235331e-08 
5.194464e-08 
5.153998e-08 
5.113931e-08 
5.074256e-08 
5.034969e-08 
4.996066e-08 
4.957542e-08 
4.919392e-08 
4.881613e-08 
4.844199e-08 
4.807147e-08 
4.770452e-08 
4.734110e-08 
4.698118e-08 
4.662470e-08 
4.627162e-08 
4.592192e-08 
4.557555e-08 
4.523247e-08 
4.489265e-08 
4.455604e-08 
4.422261e-08 
4.389233e-08 
4.356515e-08 
4.324104e-08 
4.291997e-08 
4.260191e-08 
4.228681e-08 
4.197465e-08 
4.166531e-08 
4.135883e-08 
4.105520e-08 
4.075437e-08 
4.045632e-08 
4.016102e-08 
3.986843e-08 
3.957852e-08 
3.929127e-08 
3.900665e-08 
3.872463e-08 
3.844517e-08 
3.816825e-08 
3.789385e-08 
3.762193e-08 
3.735247e-08 
3.708545e-08 
3.682083e-08 
3.655858e-08 
3.629870e-08 
3.604114e-08 
3.578588e-08 
3.553290e-08 
3.528218e-08 
3.503369e-08 
3.478740e-08 
3.454330e-08 
3.430135e-08 
3.406155e-08 
3.382385e-08 
3.358825e-08 
3.335472e-08 
3.312323e-08 
3.289377e-08 
3.266632e-08 
3.244085e-08 
3.221734e-08 
3.199577e-08 
3.177613e-08 
3.155839e-08 
3.134253e-08 
3.112853e-08 
3.091638e-08 
3.070605e-08 
3.049753e-08 
3.029079e-08 
3.008582e-08 
2.988261e-08 
2.968112e-08 
2.948135e-08 
2.928328e-08 
2.908688e-08 
2.889215e-08 
2.869907e-08 
2.850761e-08 
2.831777e-08 
2.812952e-08 
2.794285e-08 
2.775775e-08 
2.757420e-08 
2.739217e-08 
2.721167e-08 
2.703267e-08 
2.685515e-08 
2.667911e-08 
2.650453e-08 
2.633138e-08 
2.615967e-08 
2.598937e-08 
2.582048e-08 
2.565297e-08 
2.548683e-08 
2.532205e-08 
2.515862e-08 
2.499652e-08 
2.483574e-08 
2.467627e-08 
2.451810e-08 
2.436120e-08 
2.420558e-08 
2.405121e-08 
2.389808e-08 
2.374619e-08 
2.359552e-08 
2.344606e-08 
2.329779e-08 
2.315072e-08 
2.300481e-08 
2.286007e-08 
2.271648e-08 
2.257403e-08 
2.243271e-08 
2.229251e-08 
2.215342e-08 
2.201543e-08 
2.187852e-08 
2.174270e-08 
2.160794e-08 
2.147423e-08 
2.134158e-08 
2.120997e-08 
2.107940e-08 
2.094984e-08 
2.082129e-08 
2.069374e-08 
2.056718e-08 
2.044160e-08 
2.031699e-08 
2.019334e-08 
2.007065e-08 
1.994890e-08 
1.982808e-08 
1.970820e-08 
1.958923e-08 
1.947117e-08 
1.935401e-08 
1.923775e-08 
1.912237e-08 
1.900787e-08 
1.889424e-08 
1.878147e-08 
1.866955e-08 
1.855848e-08 
1.844825e-08 
1.833885e-08 
1.823027e-08 
1.812251e-08 
1.801555e-08 
1.790940e-08 
1.780404e-08 
1.769947e-08 
1.759567e-08 
1.749265e-08 
1.739039e-08 
1.728890e-08 
1.718815e-08 
1.708815e-08 
1.698889e-08 
1.689037e-08 
1.679256e-08 
1.669548e-08 
1.659911e-08 
1.650345e-08 
1.640849e-08 
1.631422e-08 
1.622064e-08 
1.612774e-08 
1.603552e-08 
1.594397e-08 
1.585309e-08 
1.576286e-08 
1.567328e-08 
1.558436e-08 
1.549607e-08 
1.540842e-08 
1.532140e-08 
1.523501e-08 
1.514924e-08 
1.506408e-08 
1.497953e-08 
1.489558e-08 
1.481224e-08 
1.472948e-08 
1.464732e-08 
1.456574e-08 
1.448474e-08 
1.440431e-08 
1.432445e-08 
1.424515e-08 
1.416641e-08 
1.408823e-08 
1.401060e-08 
1.393351e-08 
1.385697e-08 
1.378095e-08 
1.370547e-08 
1.363052e-08 
1.355609e-08 
1.348218e-08 
1.340878e-08 
1.333589e-08 
1.326351e-08 
1.319163e-08 
1.312024e-08 
1.304935e-08 
1.297895e-08 
1.290903e-08 
1.283959e-08 
1.277063e-08 
1.270214e-08 
1.263412e-08 
1.256656e-08 
1.249947e-08 
1.243283e-08 
1.236665e-08 
1.230092e-08 
1.223563e-08 
1.217079e-08 
1.210638e-08 
1.204241e-08 
1.197887e-08 
1.191576e-08 
1.185308e-08 
1.179082e-08 
1.172897e-08 
1.166754e-08 
1.160652e-08 
1.154591e-08 
1.148571e-08 
1.142590e-08 
1.136650e-08 
1.130749e-08 
1.124887e-08 
1.119064e-08 
1.113279e-08 
1.107533e-08 
1.101825e-08 
1.096154e-08 
1.090521e-08 
1.084925e-08 
1.079365e-08 
1.073843e-08 
1.068356e-08 
1.062905e-08 
1.057490e-08 
1.052110e-08 
1.046765e-08 
1.041455e-08 
1.036180e-08 
1.030939e-08 
1.025731e-08 
1.020558e-08 
1.015418e-08 
1.010311e-08 
1.005237e-08 
1.000196e-08 
9.951868e-09 
9.902102e-09 
9.852654e-09 
9.803524e-09 
9.754707e-09 
9.706203e-09 
9.658008e-09 
9.610121e-09 
9.562538e-09 
9.515258e-09 
9.468277e-09 
9.421595e-09 
9.375208e-09 
9.329115e-09 
9.283312e-09 
9.237799e-09 
9.192572e-09 
9.147630e-09 
9.102970e-09 
9.058590e-09 
9.014489e-09 
8.970663e-09 
8.927111e-09 
8.883831e-09 
8.840821e-09 
8.798079e-09 
8.755603e-09 
8.713390e-09 
8.671439e-09 
8.629748e-09 
8.588315e-09 
8.547138e-09 
8.506215e-09 
8.465544e-09 
8.425124e-09 
8.384952e-09 
8.345026e-09 
8.305346e-09 
8.265908e-09 
8.226712e-09 
8.187755e-09 
8.149035e-09 
8.110552e-09 
8.072303e-09 
8.034286e-09 
7.996500e-09 
7.958943e-09 
7.921614e-09 
7.884510e-09 
7.847631e-09 
7.810973e-09 
7.774537e-09 
7.738320e-09 
7.702321e-09 
7.666537e-09 
7.630968e-09 
7.595613e-09 
7.560468e-09 
7.525534e-09 
7.490807e-09 
7.456288e-09 
7.421974e-09 
7.387864e-09 
7.353957e-09 
7.320244e-09 
7.286731e-09 
7.253416e-09 
7.220298e-09 
7.187375e-09 
7.154646e-09 
7.122110e-09 
7.089765e-09 
7.057610e-09 
7.025644e-09 
6.993864e-09 
6.962271e-09 
6.930862e-09 
6.899636e-09 
6.868592e-09 
6.837728e-09 
6.807045e-09 
6.776539e-09 
6.746210e-09 
6.716056e-09 
6.686077e-09 
6.656272e-09 
6.626638e-09 
6.597175e-09 
6.567881e-09 
6.538756e-09 
6.509798e-09 
6.481006e-09 
6.452378e-09 
6.423915e-09 
6.395614e-09 
6.367475e-09 
6.339496e-09 
6.311676e-09 
6.284014e-09 
6.256509e-09 
6.229161e-09 
6.201967e-09 
6.174927e-09 
6.148040e-09 
6.121304e-09 
6.094720e-09 
6.068285e-09 
6.041998e-09 
6.015859e-09 
5.989867e-09 
5.964021e-09 
5.938319e-09 
5.912761e-09 
5.887345e-09 
5.862071e-09 
5.836938e-09 
5.811945e-09 
5.787090e-09 
5.762374e-09 
5.737794e-09 
5.713351e-09 
5.689042e-09 
5.664868e-09 
5.640828e-09 
5.616920e-09 
5.593143e-09 
5.569497e-09 
5.545981e-09 
5.522594e-09 
5.499335e-09 
5.476203e-09 
5.453197e-09 
5.430318e-09 
5.407563e-09 
5.384931e-09 
5.362423e-09 
5.340038e-09 
5.317773e-09 
5.295630e-09 
5.273606e-09 
5.251701e-09 
5.229915e-09 
5.208246e-09 
5.186694e-09 
5.165258e-09 
5.143937e-09 
5.122731e-09 
5.101639e-09 
5.080659e-09 
5.059792e-09 
5.039036e-09 
5.018391e-09 
4.997856e-09 
4.977431e-09 
4.957114e-09 
4.936906e-09 
4.916804e-09 
4.896809e-09 
4.876920e-09 
4.857137e-09 
4.837457e-09 
4.817882e-09 
4.798410e-09 
4.779041e-09 
4.759773e-09 
4.740606e-09 
4.721541e-09 
4.702575e-09 
4.683708e-09 
4.664941e-09 
4.646271e-09 
4.627698e-09 
4.609223e-09 
4.590844e-09 
4.572560e-09 
4.554371e-09 
4.536277e-09 
4.518276e-09 
4.500369e-09 
4.482555e-09 
4.464832e-09 
4.447201e-09 
4.429661e-09 
4.412211e-09 
4.394851e-09 
4.377580e-09 
4.360397e-09 
4.343303e-09 
4.326296e-09 
4.309377e-09 
4.292543e-09 
4.275796e-09 
4.259134e-09 
4.242557e-09 
4.226064e-09 
4.209655e-09 
4.193330e-09 
4.177087e-09 
4.160926e-09 
4.144847e-09 
4.128850e-09 
4.112933e-09 
4.097096e-09 
4.081340e-09 
4.065662e-09 
4.050064e-09 
4.034543e-09 
4.019101e-09 
4.003735e-09 
3.988447e-09 
3.973235e-09 
3.958099e-09 
3.943039e-09 
3.928054e-09 
3.913143e-09 
3.898306e-09 
3.883544e-09 
3.868854e-09 
3.854237e-09 
3.839692e-09 
3.825220e-09 
3.810819e-09 
3.796489e-09 
3.782229e-09 
3.768040e-09 
3.753921e-09 
3.739871e-09 
3.725890e-09 
3.711978e-09 
3.698133e-09 
3.684357e-09 
3.670647e-09 
3.657005e-09 
3.643429e-09 
3.629920e-09 
3.616476e-09 
3.603097e-09 
3.589784e-09 
3.576535e-09 
3.563350e-09 
3.550229e-09 
3.537172e-09 
3.524178e-09 
3.511246e-09 
3.498377e-09 
3.485569e-09 
3.472824e-09 
3.460139e-09 
3.447516e-09 
3.434953e-09 
3.422450e-09 
3.410007e-09 
3.397623e-09 
3.385299e-09 
3.373033e-09 
3.360826e-09 
3.348677e-09 
3.336586e-09 
3.324552e-09 
3.312576e-09 
3.300656e-09 
3.288792e-09 
3.276985e-09 
3.265234e-09 
