239 
9.982932e+02 1.017812e+03 1.037713e+03 1.058003e+03 1.078690e+03 1.099781e+03 1.121284e+03 1.143208e+03 1.165561e+03 1.188350e+03 1.211585e+03 1.235275e+03 1.259428e+03 1.284053e+03 1.309159e+03 1.334756e+03 1.360854e+03 1.387462e+03 1.414591e+03 1.442250e+03 1.470449e+03 1.499200e+03 1.528513e+03 1.558400e+03 1.588870e+03 1.619937e+03 1.651610e+03 1.683903e+03 1.716828e+03 1.750396e+03 1.784621e+03 1.819515e+03 1.855091e+03 1.891362e+03 1.928343e+03 1.966047e+03 2.004488e+03 2.043681e+03 2.083640e+03 2.124381e+03 2.165918e+03 2.208267e+03 2.251444e+03 2.295465e+03 2.340347e+03 2.386107e+03 2.432761e+03 2.480328e+03 2.528825e+03 2.578269e+03 2.628681e+03 2.680078e+03 2.732481e+03 2.785907e+03 2.840379e+03 2.895915e+03 2.952538e+03 3.010267e+03 3.069126e+03 3.129135e+03 3.190317e+03 3.252696e+03 3.316294e+03 3.381136e+03 3.447246e+03 3.514648e+03 3.583368e+03 3.653432e+03 3.724866e+03 3.797696e+03 3.871951e+03 3.947657e+03 4.024843e+03 4.103539e+03 4.183774e+03 4.265577e+03 4.348980e+03 4.434013e+03 4.520709e+03 4.609100e+03 4.699220e+03 4.791101e+03 4.884779e+03 4.980289e+03 5.077666e+03 5.176947e+03 5.278170e+03 5.381371e+03 5.486590e+03 5.593867e+03 5.703241e+03 5.814754e+03 5.928447e+03 6.044363e+03 6.162545e+03 6.283038e+03 6.405887e+03 6.531138e+03 6.658839e+03 6.789036e+03 6.921778e+03 7.057116e+03 7.195101e+03 7.335783e+03 7.479216e+03 7.625453e+03 7.774550e+03 7.926562e+03 8.081546e+03 8.239560e+03 8.400664e+03 8.564918e+03 8.732384e+03 8.903124e+03 9.077202e+03 9.254684e+03 9.435637e+03 9.620127e+03 9.808225e+03 1.000000e+04 1.019553e+04 1.039487e+04 1.059812e+04 1.080534e+04 1.101661e+04 1.123201e+04 1.145163e+04 1.167553e+04 1.190382e+04 1.213657e+04 1.237387e+04 1.261581e+04 1.286248e+04 1.311397e+04 1.337039e+04 1.363181e+04 1.389835e+04 1.417009e+04 1.444715e+04 1.472963e+04 1.501763e+04 1.531127e+04 1.561064e+04 1.591587e+04 1.622706e+04 1.654434e+04 1.686783e+04 1.719763e+04 1.753389e+04 1.787672e+04 1.822626e+04 1.858263e+04 1.894596e+04 1.931640e+04 1.969409e+04 2.007916e+04 2.047175e+04 2.087203e+04 2.128013e+04 2.169621e+04 2.212042e+04 2.255293e+04 2.299390e+04 2.344349e+04 2.390187e+04 2.436921e+04 2.484569e+04 2.533148e+04 2.582678e+04 2.633175e+04 2.684661e+04 2.737152e+04 2.790671e+04 2.845235e+04 2.900867e+04 2.957586e+04 3.015414e+04 3.074373e+04 3.134485e+04 3.195772e+04 3.258257e+04 3.321964e+04 3.386917e+04 3.453140e+04 3.520657e+04 3.589495e+04 3.659678e+04 3.731234e+04 3.804189e+04 3.878571e+04 3.954406e+04 4.031725e+04 4.110555e+04 4.190927e+04 4.272870e+04 4.356415e+04 4.441594e+04 4.528438e+04 4.616981e+04 4.707254e+04 4.799293e+04 4.893131e+04 4.988804e+04 5.086348e+04 5.185799e+04 5.287194e+04 5.390572e+04 5.495971e+04 5.603431e+04 5.712992e+04 5.824695e+04 5.938583e+04 6.054697e+04 6.173081e+04 6.293781e+04 6.416840e+04 6.542305e+04 6.670224e+04 6.800643e+04 6.933613e+04 7.069182e+04 7.207402e+04 7.348325e+04 7.492003e+04 7.638491e+04 7.787842e+04 7.940114e+04 8.095363e+04 8.253648e+04 8.415028e+04 8.579562e+04 8.747314e+04 8.918346e+04 9.092722e+04 9.270508e+04 9.451769e+04 9.636575e+04 9.824994e+04 1.001710e+05 
   4.44178203944600725e-04    3.62823369012525105e-05 
   4.26518570429079702e-04    3.38362627780747305e-05 
   4.09540019447152126e-04    3.15243626116339145e-05 
   3.93217983814975192e-04    2.93705422887815797e-05 
   3.77528833918949758e-04    2.73639896310938041e-05 
   3.62380657447314292e-04    2.54946320228643829e-05 
   3.47810241069668180e-04    2.37530858242320539e-05 
   3.33808744776287192e-04    2.21306092445468678e-05 
   3.20354260934796464e-04    2.06190584392889409e-05 
   3.07425719799470087e-04    1.92108466100370537e-05 
   2.95002857572890242e-04    1.78989059020725309e-05 
   2.82994088535937216e-04    1.66766519082518216e-05 
   2.71325893822504938e-04    1.55379506008721006e-05 
   2.60118547515397758e-04    1.44770875254488320e-05 
   2.49354205605345491e-04    1.34887391016842116e-05 
   2.39015708403567118e-04    1.25679458874889537e-05 
   2.29086554421775723e-04    1.17100876717796004e-05 
   2.19550875247720434e-04    1.09108602709578351e-05 
   2.10226547370462313e-04    1.01662539125353359e-05 
   2.01094001157087199e-04    9.47253309733949465e-06 
   1.92330364785386898e-04    8.82621783916066214e-06 
   1.83921202671522011e-04    8.22406618762033730e-06 
   1.75852635687645531e-04    7.65588721788417401e-06 
   1.67609676880897673e-04    7.12683692386734257e-06 
   1.59603100555294475e-04    6.63440756681591135e-06 
   1.51932114699104837e-04    6.17606231469751758e-06 
   1.44191086301148630e-04    5.74944012883494181e-06 
   1.36341562816055806e-04    5.35234358047271182e-06 
   1.27931259550573273e-04    4.98272751174151055e-06 
   1.18770642129617521e-04    4.63868848249956784e-06 
   1.07150516115095407e-04    4.31845494858472365e-06 
   8.68279920298586916e-05    4.02037812078647508e-06 
   9.27369687551138355e-05    3.90250258776165913e-05 
   1.02002792415789578e-04    3.71157422345062309e-05 
   1.04408158696944753e-04    3.52723957804344169e-05 
   1.04635260556373844e-04    3.34765215826340331e-05 
   1.03618111803815971e-04    3.17132769709134414e-05 
   1.02011844812843755e-04    2.99759060445097943e-05 
   1.00019472605739068e-04    2.82722103912558559e-05 
   9.76579787345110972e-05    2.66111522133290279e-05 
   9.51836047665688412e-05    2.50002464131166005e-05 
   9.26146369421010363e-05    2.34456253797869879e-05 
   8.99699761448546909e-05    2.19521217857611218e-05 
   8.73209106874162089e-05    2.05233647356472259e-05 
   8.46346471082837226e-05    1.91618849859971081e-05 
   8.19801497888850150e-05    1.78692254049077290e-05 
   7.93523000123252942e-05    1.66460533355114660e-05 
   7.67478789466258249e-05    1.54922720403194332e-05 
   7.41935000966309488e-05    1.44071289122574687e-05 
   7.16990543156992288e-05    1.33893186256462328e-05 
   6.92638825271485459e-05    1.24370798533080019e-05 
   6.68743514101732828e-05    1.15482845854413486e-05 
   6.45478474453620166e-05    1.07205194464615734e-05 
   6.22867952000394354e-05    9.95115871526245143e-06 
   6.00892019883003670e-05    9.23742901237287625e-06 
   5.79583443084397132e-05    8.57646582624370354e-06 
   5.58830653827335766e-05    7.96536221379295671e-06 
   5.38753058769714244e-05    7.40120788810689830e-06 
   5.19294193355168687e-05    6.88075917462074108e-06 
   5.00435279333633076e-05    6.40013346029254884e-06 
   4.82161039006001602e-05    5.95572440902019361e-06 
   4.64478763210207646e-05    5.54430389985222724e-06 
   4.47385906509056852e-05    5.16297854547381662e-06 
   4.30861287423756067e-05    4.80915162109058361e-06 
   4.14894313307545559e-05    4.48048967656977106e-06 
   3.99488957967264469e-05    4.17489320871218061e-06 
   3.84614107735714583e-05    3.89047085885344606e-06 
   3.70255109395367654e-05    3.62551667611618474e-06 
   3.56397847912637289e-05    3.37849005063757191e-06 
   3.43032908558527083e-05    3.14799797571516192e-06 
   3.30148932335960765e-05    2.93277934449657871e-06 
   3.17723817195858516e-05    2.73169102680388666e-06 
   3.05743385785595123e-05    2.54369634298693522e-06 
   2.94193989066604544e-05    2.36792415274770326e-06 
   2.83069178719230763e-05    2.20367551256658063e-06 
   2.72353725296881066e-05    2.05028921776550501e-06 
   2.62028533887237458e-05    1.90713097821601718e-06 
   2.52080601453874564e-05    1.77359359320460780e-06 
   2.42497413296405284e-05    1.64909694213815757e-06 
   2.33266925184771878e-05    1.53308781315884571e-06 
   2.24377546163001540e-05    1.42503959039031760e-06 
   2.15830823401264027e-05    1.32445181915341462e-06 
   2.07603544596368650e-05    1.23084966709405390e-06 
   1.99682645084520161e-05    1.14378329777349634e-06 
   1.92057357046859778e-05    1.06282488746228854e-06 
   1.84717319727800700e-05    9.87552546797499198e-07 
   1.77652564293806492e-05    9.17565466464982648e-07 
   1.70854401936315625e-05    8.52491558594636365e-07 
   1.64318593235401877e-05    7.91985318629667878e-07 
   1.58029433753315018e-05    7.35725877393460631e-07 
   1.51977938832592585e-05    6.83415200634498371e-07 
   1.46155464654240674e-05    6.34776424472502475e-07 
   1.40553695432421577e-05    5.89552316111681789e-07 
   1.35164631095419097e-05    5.47504141637781014e-07 
   1.29983315384496478e-05    5.08411155604794751e-07 
   1.24999696941019423e-05    4.72068985272345910e-07 
   1.20205938731743345e-05    4.38287594773425410e-07 
   1.15594969605226083e-05    4.06889783398267923e-07 
   1.11159987277176242e-05    3.77710342247951037e-07 
   1.06894448177463630e-05    3.50595264466131974e-07 
   1.02793308401905037e-05    3.25401005784325862e-07 
   9.88498587084496450e-06    3.01993792304721596e-07 
   9.50573693470069259e-06    2.80248972622992800e-07 
   9.14101263982391998e-06    2.60050411562262440e-07 
   8.79026334443810953e-06    2.41289922949068541e-07 
   8.45296033114006917e-06    2.23866739012981609e-07 
   8.12859881249572425e-06    2.07687014134195982e-07 
   7.81669389127159775e-06    1.92663360798056303e-07 
   7.51676081434116128e-06    1.78714271536368604e-07 
   7.22834298083618876e-06    1.65764100759438405e-07 
   6.95100118086600105e-06    1.53742569358043951e-07 
   6.68431293360249867e-06    1.42584116945825231e-07 
   6.42787883720075115e-06    1.32227717230557012e-07 
   6.18134377761148102e-06    1.22616572612492914e-07 
   5.94428412870051659e-06    1.13697828667491782e-07 
   5.71633666757165315e-06    1.05422307276364131e-07 
   5.49715200914846491e-06    9.77442572345043909e-08 
   5.28639407948450213e-06    9.06211212446453003e-08 
   5.08373973751030661e-06    8.40133182605979330e-08 
   4.88887824079409228e-06    7.78840402135047499e-08 
   4.70150929587909161e-06    7.21991521183933741e-08 
   4.52134453998720431e-06    6.69266440536790653e-08 
   4.34810659644124797e-06    6.20368780194259553e-08 
   4.18152865677701158e-06    5.75023239741117929e-08 
   4.02135407728820837e-06    5.32974115609021929e-08 
   3.86732868851158429e-06    4.93983921419566100e-08 
   3.71922308406436031e-06    4.57832104331239791e-08 
   3.57680951490468857e-06    4.24313850792821828e-08 
   3.43986872930468479e-06    3.93238975553168770e-08 
   3.30818982818836815e-06    3.64430888194510985e-08 
   3.18156985157358463e-06    3.37725631845998231e-08 
   3.05981376047537168e-06    3.12970989097506254e-08 
   2.94273443779413668e-06    2.90025650472786249e-08 
   2.83015173574430179e-06    2.68758441137392816e-08 
   2.72189236816267055e-06    2.49047601811772074e-08 
   2.61778964905090561e-06    2.30780120135216804e-08 
   2.51768070391733545e-06    2.13851108982974603e-08 
   2.42140798045742400e-06    1.98163228478273718e-08 
   2.32883007766915284e-06    1.83626148664193243e-08 
   2.23980471880658172e-06    1.70156050008485068e-08 
   2.15419504512315285e-06    1.57675149748281596e-08 
   2.07186940948123066e-06    1.46111194779102387e-08 
   1.99270028233833330e-06    1.35397506893325373e-08 
   1.91656597769984671e-06    1.25472074040832676e-08 
   1.84335076969244227e-06    1.16277344983267573e-08 
   1.77294231418212433e-06    1.07759914254788377e-08 
   1.70523254394705504e-06    9.98702288599484892e-09 
   1.64011750625192576e-06    9.25623152521091458e-09 
   1.57749334961376775e-06    8.57935252298757931e-09 
   1.51726694186393729e-06    7.95242994772633981e-09 
   1.45934739514963496e-06    7.37179475561390163e-09 
   1.40364599365838671e-06    6.83404432371244772e-09 
   1.35007739809900329e-06    6.33602341280041862e-09 
   1.29855916841670194e-06    5.87480646269453738e-09 
   1.24901166098645433e-06    5.44768112918327890e-09 
   1.20136035275386632e-06    5.05213945718338049e-09 
   1.15553242585608729e-06    4.68586472073343636e-09 
   1.11145783332489145e-06    4.34666435876484351e-09 
   1.06906919394855748e-06    4.03253237590165237e-09 
   1.02830025761058153e-06    3.74161088313992721e-09 
   9.89089004366228153e-07    3.47217922668407692e-09 
   9.51376996183306289e-07    3.22264390925405700e-09 
   9.15106709409307939e-07    2.99152924652276481e-09 
   8.80222809418462759e-07    2.77746870545945069e-09 
   8.46672061793896091e-07    2.57919687517880231e-09 
   8.14402293158877910e-07    2.39554202444703556e-09 
   7.83365430523375039e-07    2.22541920329396690e-09 
   7.53514235229957308e-07    2.06782384924260984e-09 
   7.24803265739204505e-07    1.92182586151230364e-09 
   6.97188808906901158e-07    1.78656410919132816e-09 
   6.70628436005848982e-07    1.66124134182772724e-09 
   6.45080995509417221e-07    1.54511947316275883e-09 
   6.20508868287572568e-07    1.43751521084569599e-09 
   5.96874717428974577e-07    1.33779600693017070e-09 
   5.74142626330598205e-07    1.24537630577433543e-09 
   5.52278043963738696e-07    1.15971406765764955e-09 
   5.31247408952495448e-07    1.08030178087646688e-09 
   5.11018975135613118e-07    1.00666691194260729e-09 
   4.91562227478148372e-07    9.38397349258759905e-10 
   4.72847644261698008e-07    8.75095217327702986e-10 
   4.54846826647425928e-07    8.16392058803153804e-10 
   4.37532190922240716e-07    7.61946686625368605e-10 
   4.20877350748583012e-07    7.11443189982767573e-10 
   4.04857506741684858e-07    6.64589083363523904e-10 
   3.89448388093960318e-07    6.21113588685452538e-10 
   3.74626646815201525e-07    5.80766041170441532e-10 
   3.60369649010650051e-07    5.43314410263336524e-10 
   3.46655827265784922e-07    5.08543927487899334e-10 
   3.33464611590450488e-07    4.76255813686238909e-10 
   3.20776045392712206e-07    4.46266098605635857e-10 
   3.08570929141716022e-07    4.18404526280238878e-10 
   2.96830674817449847e-07    3.92517359608271489e-10 
   2.85537667177315768e-07    3.68459353083294627e-10 
   2.74674836542310175e-07    3.46089566915077818e-10 
   2.64225761936742742e-07    3.25283172368653496e-10 
   2.54174521652217322e-07    3.05924734418991299e-10 
   2.44506048296955214e-07    2.87907499263874727e-10 
   2.35205760090728688e-07    2.71132736206863500e-10 
   2.26259603719469737e-07    2.55509129736403214e-10 
   2.17654014145196584e-07    2.40952217949604648e-10 
   2.09376068593947195e-07    2.27383873766437794e-10 
   2.01413273281936256e-07    2.14731825654398407e-10 
   1.93753587840461705e-07    2.02929214836554316e-10 
   1.86385470390959540e-07    1.91911944439217445e-10 
   1.79297799274280578e-07    1.81625384855322869e-10 
   1.72479864724017773e-07    1.72017121783570516e-10 
   1.65921367201171677e-07    1.63038295151803325e-10 
   1.59612482009130474e-07    1.54643642189894448e-10 
   1.53543689207502609e-07    1.46791234127210342e-10 
   1.47705792929997415e-07    1.39442231795553530e-10 
   1.42090017418716741e-07    1.32560658820231660e-10 
   1.36687899665588475e-07    1.26113191169827138e-10 
   1.31491298516195343e-07    1.20069275609944767e-10 
   1.26492385787990713e-07    1.14400244374790791e-10 
   1.21683636056246769e-07    1.09079160098675208e-10 
   1.17057809112530720e-07    1.04081444961286117e-10 
   1.12607939861675277e-07    9.93843484012367511e-11 
   1.08327329217949853e-07    9.49668090721473739e-11 
   1.04209533446919522e-07    9.08093272887964109e-11 
   1.00248354728549316e-07    8.68938471637585235e-11 
   9.64378309431523917e-08    8.32036476959752783e-11 
   9.27722129118180305e-08    7.97232421291074173e-11 
   8.92459885992735735e-08    7.64382849495771331e-11 
   8.58538635739591882e-08    7.33354859423296857e-11 
   8.25907344736975801e-08    7.04025307667521580e-11 
   7.94516913371623446e-08    6.76280075562384525e-11 
   7.64320065016477201e-08    6.50013390827755883e-11 
   7.35271247220836699e-08    6.25125200130477207e-11 
   7.07326957005705026e-08    6.01525857772167514e-11 
   6.80445170209154071e-08    5.79132647046216368e-11 
   6.54585458059742109e-08    5.57867546745216281e-11 
   6.29708927224470472e-08    5.37658152922665626e-11 
   6.05778013307300967e-08    5.18437262711598386e-11 
   5.82756863876099374e-08    5.00142488878717460e-11 
   5.60610907696101890e-08    4.82715902880850987e-11 
   5.39306852509469081e-08    4.66103704348811741e-11 
   5.18812670602386561e-08    4.50255915071224418e-11 
   4.99097488892985552e-08    4.35126095688164163e-11 
   4.80131669977623687e-08    4.20671239316822522e-11 
   1.88351485590121381e-03     7.02553582192705795e-04  
   1.81959576699664005e-03     6.60334341507313148e-04  
   1.75740315851347084e-03     6.19315415148738902e-04  
   1.69444627139259119e-03     5.80845962344906210e-04  
   1.63380803106361050e-03     5.44767488111729242e-04  
   1.57540175673975824e-03     5.10931351242551054e-04  
   1.51914403358588412e-03     4.79198151686231462e-04  
   1.46495458916884314e-03     4.49437156013027218e-04  
   1.41275617458958003e-03     4.21525758600311488e-04  
   1.36161726062555832e-03     3.95348976317278498e-04  
   1.31099823594560405e-03     3.70798974625990193e-04  
   1.26228089734481408e-03     3.47774623145506734e-04  
   1.21539341135845635e-03     3.26181078847324164e-04  
   1.17026666548591951e-03     3.05929395164218491e-04  
   1.12683416497860733e-03     2.86936155401405183e-04  
   1.08503193354458904e-03     2.69123128939075364e-04  
   1.04479841782378902e-03     2.52416948809333879e-04  
   1.00607439548794364e-03     2.36748809318627039e-04  
   9.67738867300282912e-04     2.22054182469403342e-04  
   9.30682020952700029e-04     2.08272552012207524e-04  
   8.95038522540692050e-04     1.95347164032090250e-04  
   8.60754574282696083e-04     1.83224793041353784e-04  
   8.27778424110525712e-04     1.71511968140739186e-04  
   7.96060287918010090e-04     1.60539706310551999e-04  
   7.65552274764602636e-04     1.50270258521111456e-04  
   7.36208314920605567e-04     1.40658581278457274e-04  
   7.07510969101488030e-04     1.31662518513890299e-04  
   6.79646923649745993e-04     1.23242616482736981e-04  
   6.52860297961077585e-04     1.15361950529254748e-04  
   6.27109800550695873e-04     1.07985962956985015e-04  
   6.02355715450975104e-04     1.01082311292621772e-04  
   5.78559842228765220e-04     9.46207262771101742e-05  
   5.55685438282993438e-04     8.85728789603999116e-05  
   5.33697163337176761e-04     8.29122563162489821e-05  
   5.12124516223400050e-04     7.76140448308943739e-05  
   4.91103523282299115e-04     7.26550215544116858e-05  
   4.70911107730564993e-04     6.80022123199531267e-05  
   4.51515217932851876e-04     6.35677821266447907e-05  
   4.32885030859475606e-04     5.94231305194669826e-05  
   4.14990905202472504e-04     5.55493014293622779e-05  
   3.97804336277896020e-04     5.19285792915860221e-05  
   3.81297912644407155e-04     4.85444078587325540e-05  
   3.64748799899894394e-04     4.53813143272140286e-05  
   3.48644459301272747e-04     4.24248384294395291e-05  
   3.33195000104535843e-04     3.96614661667048660e-05  
   3.18374718181524408e-04     3.70785678790675613e-05  
   3.04158901693329931e-04     3.46643403683686815e-05  
   2.89281389347473272e-04     3.24077528091304187e-05  
   2.75000185973595102e-04     3.02984961994259424e-05  
   2.61314314314531337e-04     2.83269361200401065e-05  
   2.46293241906392346e-04     2.64840685854028320e-05  
   2.31940478358616531e-04     2.47614787839490706e-05  
   2.14617500919001003e-04     2.31513025187994828e-05  
   1.92625422794301393e-04     2.16461901720354296e-05  
   1.64491010682388250e-04     7.06897049410424569e-05  
   1.75668553649921400e-04     6.57006188918315661e-05  
   1.71549643432022947e-04     6.10544566890847037e-05  
   1.75426856508287266e-04     7.91579903033498908e-05  
   1.79823574365856054e-04     7.39447716487092539e-05  
   1.78255346317213181e-04     6.90751837136237393e-05  
   1.73166171093419585e-04     6.45265649041363117e-05  
   1.72574265396741033e-04     6.90003465458984873e-05  
   1.72030829302949329e-04     6.44864477761415022e-05  
   1.69573884550078269e-04     6.02680890447752422e-05  
   1.66110094772076167e-04     5.63259108416278771e-05  
   1.62260160223470784e-04     5.26418221225011861e-05  
   1.58160107856297749e-04     4.91989171895030160e-05  
   1.53916797001274475e-04     4.59813980181251035e-05  
   1.49543457016010350e-04     4.29745016741440251e-05  
   1.45135566882670375e-04     4.01644324868245686e-05  
   1.40697751103591173e-04     3.75382986667455222e-05  
   1.36260906868579390e-04     3.50840530769986456e-05  
   1.31886235130607155e-04     3.27738625993250981e-05  
   1.27632083492201787e-04     3.05830509808211831e-05  
   1.23353874308507194e-04     2.85388615970759187e-05  
   1.19227247907471856e-04     2.66314748012663642e-05  
   1.15139442253053836e-04     2.48517288408313866e-05  
   1.11193086715588585e-04     2.31910757722128064e-05  
   1.07305526908851867e-04     2.16415403299088048e-05  
   1.03551630698861530e-04     2.01956815518592702e-05  
   9.98786180491650910e-05     1.88465569764542213e-05  
   9.63294518766533159e-05     1.75876892388272830e-05  
   9.28719428965329996e-05     1.64130349056526551e-05  
   8.95266285200202461e-05     1.53169553984310604e-05  
   8.62827148520040055e-05     1.42844120642299132e-05  
   8.31402699069672124e-05     1.33192583896220265e-05  
   8.00952622793671409e-05     1.24194307464912194e-05  
   7.71525123799410295e-05     1.15805032703858630e-05  
   7.43048938358636946e-05     1.07983501231661373e-05  
   7.15527225167988945e-05     1.00691251477384397e-05  
   6.88936701008779906e-05     9.38924290265542204e-06  
   6.63273701083655354e-05     8.75536098299265504e-06  
   6.38501533511970365e-05     8.16436354025883168e-06  
   6.14585953584434463e-05     7.61042032003083881e-06  
   5.91502085368622588e-05     7.08971400883028547e-06  
   5.69209801266623572e-05     6.60471957924464390e-06  
   5.47731874525059226e-05     6.15298442386792261e-06  
   5.27029480440477371e-05     5.73222450094706021e-06  
   5.07077724556381781e-05     5.34031274461394472e-06  
   4.87849858494815436e-05     4.97526827210508940e-06  
   4.69323898371065695e-05     4.63524633315996931e-06  
   4.51477299565627987e-05     4.31852895055821209e-06  
   4.34287908855912619e-05     4.02351620426669723e-06  
   4.17735684469233703e-05     3.74871811493492115e-06  
   4.01796631228634737e-05     3.49274708552217723e-06  
   3.86451362258677378e-05     3.25431086267337354e-06  
   3.71679134268942946e-05     3.03220598210099370e-06  
   3.57456749581208655e-05     2.82531166468773764e-06  
   3.43764517579669970e-05     2.63140067594902199e-06  
   3.30584830232627525e-05     2.44984560505016254e-06  
   3.17893486484477350e-05     2.28086496086314309e-06  
   3.05679538284975294e-05     2.12358560286512129e-06  
   2.93938208298927250e-05     1.97719509882227216e-06  
   2.82637583787215263e-05     1.84093750192669746e-06  
   2.71762761809846154e-05     1.71410942170754103e-06  
   2.61302813058250649e-05     1.59605636827795785e-06  
   2.51242456990041774e-05     1.48616935090109001e-06  
   2.41565818451805470e-05     1.38388171318162001e-06  
   2.32258361860804285e-05     1.28866618842052962e-06  
   2.23306104399911831e-05     1.20003214001189686e-06  
   2.14695595032177167e-05     1.11656431984194406e-06  
   2.06413797584348302e-05     1.03893095094091951e-06  
   1.98447837552739870e-05     9.66722716587197990e-07  
   1.90786321694336181e-05     8.99559077391024425e-07  
   1.83417747534608822e-05     8.37086246245076358e-07  
   1.76331050255607025e-05     7.78975305810505148e-07  
   1.69515586100343896e-05     7.24920458505562443e-07  
   1.62961116403348427e-05     6.74637399669835560e-07  
   1.56659756330723710e-05     6.27861805234010634e-07  
   1.50604195070513924e-05     5.84347925835104558e-07  
   1.44780581342596193e-05     5.43867279884733737e-07  
   1.39179976113013026e-05     5.06207438625248807e-07  
   1.33793780586755062e-05     4.71170896698885374e-07  
   1.28613723235915245e-05     4.38574022210964164e-07  
   1.23631847319671806e-05     4.08246080691691010e-07  
   1.18841215598353145e-05     3.80028327755165992e-07  
   1.14233971723054495e-05     3.53773165620164189e-07  
   1.09802479774101513e-05     3.29343358997775921e-07  
   1.05539774151175436e-05     3.06611306167284074e-07  
   1.01439154023275080e-05     2.85458361355821230e-07  
   9.74941731679557222e-06     2.65762128167578225e-07  
   9.36993945577224707e-06     2.47259409694495633e-07  
   9.00538041426202085e-06     2.30053942135213939e-07  
   8.65451449660881167e-06     2.14054410125911577e-07  
   8.31675439350032519e-06     1.99175949750748446e-07  
   7.99153502240024238e-06     1.85339690923940393e-07  
   7.67831265813256891e-06     1.72472332363344548e-07  
   7.37656409599551921e-06     1.60505746827102527e-07  
   7.08654923275986448e-06     1.49376614451442598e-07  
   6.80732003310868805e-06     1.39026082182281990e-07  
   6.53777878378836164e-06     1.29399447436913663e-07  
   6.27732496560895470e-06     1.20445864265338922e-07  
   6.02603093824427560e-06     1.12118070404666220e-07  
   5.78370087178647907e-06     1.04372133734937304e-07  
   5.54783121109458932e-06     9.71672167514928472e-08  
   5.31903164235902892e-06     9.04587476854993553e-08  
   5.09485889310656859e-06     8.41950007326279465e-08  
   4.87034485607829026e-06     7.83704124070241386e-08  
   4.64230939389853603e-06     7.29539831663695368e-08  
   4.38545140757362617e-06     6.79169113810641419e-08  
   4.11039308612082266e-06     3.80451202340737282e-07  
   4.09409737078814118e-06     3.55213731330783674e-07  
   4.01785788151087786e-06     3.31648884324203723e-07  
   3.90712164244355620e-06     3.09641487093857504e-07  
   3.78669697576050623e-06     2.89084877836856059e-07  
   3.66396724327255896e-06     2.69880225888767267e-07  
   3.54101237809434366e-06     2.51935908940777045e-07  
   3.41920497570757931e-06     2.35166943420982928e-07  
   3.29950669097911486e-06     2.19494463216445537e-07  
   3.18299021151435824e-06     2.04845242375519917e-07  
   3.06954702644635091e-06     1.91151257846231225e-07  
   2.95919108883602178e-06     1.78349288680669526e-07  
   2.85201560557002409e-06     1.66380548472304315e-07  
   2.74822646106898105e-06     1.55190348096377838e-07  
   2.64785951697987798e-06     1.44727786096908816e-07  
   2.55070967059012332e-06     1.34945464310206505e-07  
   2.45667752429845621e-06     1.25798484872558108e-07  
   2.36579622758803509e-06     1.17245603707656964e-07  
   2.27804965924338632e-06     1.09253202877811237e-07  
   2.19335660067709881e-06     1.01787427467153901e-07  
   2.11160497309847983e-06     9.48161570261721341e-08  
   2.03273181387242374e-06     8.83089482331957111e-08  
   1.95677270875549425e-06     8.22369761084402576e-08  
   1.88343085127939958e-06     7.65729742479656182e-08  
   1.81274102228901057e-06     7.12911744985346833e-08  
   1.74457953305839908e-06     6.63672464503830289e-08  
   1.67888714441843945e-06     6.17782370833277514e-08  
   1.61562878653320752e-06     5.75025108625912730e-08  
   1.55468268936420628e-06     5.35196905441378027e-08  
   1.49597506915455369e-06     4.98105989152438945e-08  
   1.43943591379702696e-06     4.63572016644311899e-08  
   1.38499296487015755e-06     4.31430475130843874e-08  
   1.33257055312530071e-06     4.01520624743995438e-08  
   1.28210889982494081e-06     3.73680650063875400e-08  
   1.23353207848175828e-06     3.47767079627224379e-08  
   1.18676861993183280e-06     3.23646463030729995e-08  
   1.14175297361018835e-06     3.01194661017100582e-08  
   1.09841502937690905e-06     2.80296186852960567e-08  
   1.05670174632699343e-06     2.60843595204075823e-08  
   1.01655401540945434e-06     2.42736915001600549e-08  
   9.77914965671899949e-07     2.25883123058534597e-08  
   9.40743372757069096e-07     2.10195655440617550e-08  
   9.04974832849347877e-07     1.95593953821710354e-08  
   8.70554195731010338e-07     1.81999971482230729e-08  
   8.37431805233990190e-07     1.69347537233223458e-08  
   8.05559887906426297e-07     1.57572508096190226e-08  
   7.74892482180433717e-07     1.46614661670578310e-08  
   7.45387703560140835e-07     1.36417852461404754e-08  
   7.17005885886301542e-07     1.26929740096415609e-08  
   6.89699298339618849e-07     1.18101535368229794e-08  
   6.63427733638144446e-07     1.09887762952274423e-08  
   6.38152511278633483e-07     1.02246039724087373e-08  
   6.13836419471880390e-07     9.51372811935914749e-09  
   5.90445616399648543e-07     8.85246881297365227e-09  
   5.67948235774551335e-07     8.23735496715815887e-09  
   5.46305756410347954e-07     7.66519775858627090e-09  
   5.25485964075755874e-07     7.13302479009743431e-09  
   5.05457868449354919e-07     6.63806576517665896e-09  
   4.86191656601242528e-07     6.17773907991432626e-09  
   4.67658648917179676e-07     5.74963927618500384e-09  
   4.49833043258962562e-07     5.35152530303410653e-09  
   4.32686446782959422e-07     4.98130953634330878e-09  
   4.16192888041955200e-07     4.63704750975836286e-09  
   4.00327613947482064e-07     4.31692831262320233e-09  
   3.85066812325085550e-07     4.01926561327074701e-09  
   3.70387576387187778e-07     3.74248926848891620e-09  
   3.56268857415464879e-07     3.48513748230975852e-09  
   3.42688515453382081e-07     3.24582297789894956e-09  
   3.29625924555543293e-07     3.02329403623532279e-09  
   3.17061407129060058e-07     2.81638959816732666e-09  
   3.04975920295547098e-07     2.62401211132913450e-09  
   2.93351299696098522e-07     2.44514017325339795e-09  
   2.82170024790140417e-07     2.27882335921535660e-09  
   2.71415295349797248e-07     2.12417739097563074e-09  
   2.61071184448624649e-07     1.98037962485833459e-09  
   2.51121563876743892e-07     1.84666483888891483e-09  
   2.41551153079555547e-07     1.72232129993372826e-09  
   2.32345712891657286e-07     1.60668709293284747e-09  
   2.23491728346125740e-07     1.49914854892910953e-09  
   5.19898631209159134e-04    3.60908921141669039e-05 
   4.99688792994668063e-04    3.34880618121564694e-05 
   4.80262237898654298e-04    3.10701307689360704e-05 
   4.61589276323337572e-04    2.88265584256212569e-05 
   4.43641352359747110e-04    2.67446490563697466e-05 
   4.26393371894873141e-04    2.48126502309161234e-05 
   4.09818890635516020e-04    2.30196807040288435e-05 
   3.93893800197497868e-04    2.13556640051302425e-05 
   3.78588766555942868e-04    1.98112672612003031e-05 
   3.63879913254816501e-04    1.83778448257111349e-05 
   3.49744276383456842e-04    1.70473863224897906e-05 
   3.36160129589258005e-04    1.58124687463856674e-05 
   3.23106295331387905e-04    1.46662122927182860e-05 
   3.10562790359569796e-04    1.36022396149632720e-05 
   2.98508768359795340e-04    1.26146382352283306e-05 
   2.86925144981853286e-04    1.16979258549989214e-05 
   2.75793582175887231e-04    1.08470183345836729e-05 
   2.65096209838167063e-04    1.00572001288391620e-05 
   2.54814741292741509e-04    9.32409698426603895e-06 
   2.44935487071384905e-04    8.64365071858370744e-06 
   2.35441976584538359e-04    8.01209591854521195e-06 
   2.26318988492124618e-04    7.42593840516483663e-06 
   2.17552024739164906e-04    6.88194826245283998e-06 
   2.09127436454958904e-04    6.37715449269751659e-06 
   2.01031817431363002e-04    5.90880249423179228e-06 
   1.93252051208570030e-04    5.47432460861260615e-06 
   1.85775798245968460e-04    5.07132794946590592e-06 
   1.78591101862912716e-04    4.69758307124186754e-06 
   1.71686518243174824e-04    4.35101332258872112e-06 
   1.65050557915602525e-04    4.02968484730297640e-06 
   1.58672213466992673e-04    3.73179719744795623e-06 
   1.52542410674194606e-04    3.45567452482805446e-06 
   1.46651423918231494e-04    3.19975731855898438e-06 
   1.40989823946058301e-04    2.96259465798304803e-06 
   1.35548601835844273e-04    2.74283695164261776e-06 
   1.30318990128719392e-04    2.53922913444241440e-06 
   1.25292670199894651e-04    2.35060462834228966e-06 
   1.20461800978799438e-04    2.17587877538598484e-06 
   1.15818706907466762e-04    2.01403439649055188e-06 
   1.11356056318401286e-04    1.86412959542241953e-06 
   1.07066770537622702e-04    1.72529081629400297e-06 
   1.02943719105685894e-04    1.59670791965293315e-06 
   9.89804569142549440e-05    1.47762961119059638e-06 
   9.51709933380007200e-05    1.36735919794224743e-06 
   9.15091424283920318e-05    1.26525064863532564e-06 
   8.79892832650330803e-05    1.17070493649994339e-06 
   8.46058572201435766e-05    1.08316664439624644e-06 
   8.13532888369605800e-05    1.00212081354403456e-06 
   7.82265996399633678e-05    9.27090018469994744e-07 
   7.52209658880786947e-05    8.57631652023218015e-07 
   7.23316298613108088e-05    7.93335405457658456e-07 
   6.95540763654411975e-05    7.33820929646687392e-07 
   6.68838815257588593e-05    6.78735664485829454e-07 
   6.43166632532388149e-05    6.27752824460487682e-07 
   6.18486561447806338e-05    5.80569529210864090e-07 
   5.94759941940914416e-05    5.36905068721032096e-07 
   5.71948547058998003e-05    4.96499293497528951e-07 
   5.50017742105834984e-05    4.59110992525694520e-07 
   5.28932574462848137e-05    4.24516486847635509e-07 
   5.08659984529424847e-05    3.92509786817262416e-07 
   4.89169188674365429e-05    3.62899377003529762e-07 
   4.70429722412291085e-05    3.35507731407767742e-07 
   4.52412196013662893e-05    3.10170307166167515e-07 
   4.35088776726821891e-05    2.86734609350892945e-07 
   4.18431220764459155e-05    2.65059321951057796e-07 
   4.02414308751097849e-05    2.45013500446620130e-07 
   3.87013856447682159e-05    2.26475821698572882e-07 
   3.72205789538337939e-05    2.09333887168557890e-07 
   3.57966958252076140e-05    1.93483575751798208e-07 
   3.44275539395644259e-05    1.78828442760160196e-07 
   3.31109604623236464e-05    1.65279161828261806e-07 
   3.18449626693917409e-05    1.52753006736048272e-07 
   3.06276035713093364e-05    1.41173371228762779e-07 
   2.94569755255880139e-05    1.30469315595407549e-07 
   2.83312950397629493e-05    1.20575148545583040e-07 
   2.72487907165830379e-05    1.11430057896289072e-07 
   2.62078001980192710e-05    1.02977751498864548e-07 
   2.52067516304244066e-05    9.51661253524177821e-08 
   2.42440964666190695e-05    8.79469557430246952e-08 
   2.33183453675067653e-05    8.12756136976626890e-08 
   2.24280813255761657e-05    7.51108001614397077e-08 
   2.15719110243650647e-05    6.94143004180401724e-08 
   2.07485508357807547e-05    6.41507563771120960e-08 
   1.99567363357022742e-05    5.92874554489331361e-08 
   1.91952417204488412e-05    5.47941372515286189e-08 
   1.84629039114980742e-05    5.06427765337907272e-08 
   1.77585737286545253e-05    4.68074494332548952e-08 
   1.70811959395722468e-05    4.32641864746255707e-08 
   1.64297419911196840e-05    3.99908249744593008e-08 
   1.58032124006890484e-05    3.69668738218839024e-08 
   1.52006363282053414e-05    3.41733883028959733e-08 
   1.46210998077656029e-05    3.15928542279452384e-08 
   1.40637102097329603e-05    2.92090806766556872e-08 
   1.35276313562027184e-05    2.70071201424972362e-08 
   1.30120449789439263e-05    2.49731465197694380e-08 
   1.25161608435231386e-05    2.30943420397565681e-08 
   1.20392245406275578e-05    2.13588892673646864e-08 
   1.15804934998076092e-05    1.97558644403569590e-08 
   1.11392819454048109e-05    1.82751705554834072e-08 
   1.07149222514646425e-05    1.69074754061473381e-08 
   1.03067655303767935e-05    1.56441542100802220e-08 
   9.91419074070076789e-06    1.44772364914952520e-08 
   9.53659822455765749e-06    1.33993569063542751e-08 
   9.17341429540474707e-06    1.24037097218268891e-08 
   8.82409155322783079e-06    1.14840066818859185e-08 
   8.48809882258994008e-06    1.06344380103554080e-08 
   8.16492253941092372e-06    9.84963632073307730e-09 
   7.85407176395747086e-06    9.12464321882276225e-09 
   7.55507364369467638e-06    8.45486868762211541e-09 
   7.26747950874351289e-06    7.83608443761449675e-09 
   6.99085310784663960e-06    7.26439052758537341e-09 
   6.72477348617750437e-06    6.73617562184694389e-09 
   6.46883600741166020e-06    6.24810407057766954e-09 
   6.22265068450644776e-06    5.79709508370400701e-09 
   5.98584952216096866e-06    5.38030345661122035e-09 
   5.75807392333427259e-06    4.99510173391467599e-09 
   5.53897825128490950e-06    4.63906370570290227e-09 
   5.32823039645080598e-06    4.30994913827100959e-09 
   5.12550961961899532e-06    4.00568964843435880e-09 
   4.93051193761750994e-06    3.72437563718160368e-09 
   4.74294289498633503e-06    3.46424878608980236e-09 
   4.56251875313729016e-06    3.22367597107670773e-09 
   4.38896557886092609e-06    3.00115497308250648e-09 
   4.22202047600794828e-06    2.79529943256052042e-09 
   4.06143170283979060e-06    2.60482993179079214e-09 
   3.90695813312635920e-06    2.42856576038704996e-09 
   3.75836645305493988e-06    2.26541731197448553e-09 
   3.61543158644561657e-06    2.11437906394934224e-09 
   3.47793739485791065e-06    1.97452309587140681e-09 
   3.34567647142236524e-06    1.84499310540535048e-09 
   3.21845020856414976e-06    1.72499888384029385e-09 
   3.09606665294115402e-06    1.61381121609502249e-09 
   2.97834100149163561e-06    1.51075717277823050e-09 
   2.86509508240495592e-06    1.41521576433481822e-09 
   2.75615785227945054e-06    1.32661392958469346e-09 
   2.65136615329453207e-06    1.24442283306528043e-09 
   2.55056202003167698e-06    1.16815444753394786e-09 
   2.45359349060336740e-06    1.09735839978561601e-09 
   2.36031392930602379e-06    1.03161905960320492e-09 
   2.27058234614219145e-06    9.70552853195771974e-10 
   2.18426443987507213e-06    9.13805757007102660e-10 
   2.10123026633812771e-06    8.61051037570562910e-10 
   2.02135474880460464e-06    8.11988903013633280e-10 
   1.94451733448453012e-06    7.66342272840026243e-10 
   1.87060207157419001e-06    7.23855229529082634e-10 
   1.79949819500979658e-06    6.84291396352236641e-10 
   1.73109866796750111e-06    6.47432439286467613e-10 
   1.66530052059243872e-06    6.13076683600846984e-10 
   1.60200442744784510e-06    5.81037836398747593e-10 
   1.54111517458588310e-06    5.51143807052416888e-10 
   1.48254137954939580e-06    5.23235618072911613e-10 
   1.42619489662543231e-06    4.97166399519591223e-10 
   1.37199093652728976e-06    4.72800460573366386e-10 
   1.31984782891780839e-06    4.50012432379142047e-10 
   1.26968724567522173e-06    4.28686476708523469e-10 
   1.22143373815220002e-06    4.08715839920150848e-10 
   1.17501423801957827e-06    3.90002389450530073e-10 
   1.13035936222249944e-06    3.72453805026634993e-10 
   1.08740208260016402e-06    3.55985928266235633e-10 
   1.04607792783539821e-06    3.40521003326771673e-10 
   1.00632480937168367e-06    3.25987181651179815e-10 
   9.68082927821356520e-07    3.12318065263206313e-10 
   9.31294823036665775e-07    2.99452285605307848e-10 
   8.95905192699331110e-07    2.87333115146485725e-10 
   8.61860847245488060e-07    2.75908109203461558e-10 
   8.29110523126175281e-07    2.65128775617941984e-10 
   7.97605083202590492e-07    2.54950270116545868e-10 
   7.67297189896432030e-07    2.45331115349517127e-10 
   7.38141257339286483e-07    2.36232941760752251e-10 
   7.10093495337460467e-07    2.27620248585845059e-10 
   6.83111770372057947e-07    2.19460183407891516e-10 
   6.57155535987996586e-07    2.11722338823384564e-10 
   6.32185800264473130e-07    2.04378564883658948e-10 
   6.08165056870113574e-07    1.97402796081572775e-10 
   5.85057192137306004e-07    1.90770891749285125e-10 
   5.62827531247478419e-07    1.84460488821603812e-10 
   5.41442571333483613e-07    1.78450602747765316e-10 
   5.20870319431487871e-07    1.72721581485081175e-10 
   5.01079857162523012e-07    1.67256238101638253e-10 
   4.82041486948858733e-07    1.62037892462963310e-10 
   4.63726614663428904e-07    1.57051079761159294e-10 
   4.46107738194534420e-07    1.52281458168329101e-10 
   4.29158379833260994e-07    1.47715723588346119e-10 
   4.12853101039445392e-07    1.43341530959650212e-10 
   3.97167419063926275e-07    1.39147421603898441e-10 
   3.82077786964529764e-07    1.35122756154231634e-10 
   3.67561547864880822e-07    1.31257652632858215e-10 
   3.53596887769924706e-07    1.27542929280836798e-10 
   3.40162851664160826e-07    1.23970051773573438e-10 
   3.27239281228131063e-07    1.20531084483821509e-10 
   3.14806775203457789e-07    1.17218645480082880e-10 
   3.02846669519851730e-07    1.14026064879706991e-10 
   2.91340997327083073e-07    1.10947039490955907e-10 
   2.80272486330446213e-07    1.07975417862116026e-10 
   2.69624536031187745e-07    1.05105753274461200e-10 
   2.59381163547622862e-07    1.02332964003327840e-10 
   2.49526993068016623e-07    9.96523060719815279e-11 
   2.40047225874562287e-07    9.70593480917222814e-11 
   2.30927629463195672e-07    9.45499480280950811e-11 
   2.22154527662610235e-07    9.21202317453456685e-11 
   2.13714754004890040e-07    8.97665731925733042e-11 
   2.05595641622480230e-07    8.74855761055090765e-11 
   1.97785000821681933e-07    8.52740571074985597e-11 
   1.90271104649752942e-07    8.31288526454887733e-11 
   1.83042686119350151e-07    8.10471919022912176e-11 
   1.76088897574366854e-07    7.90263129120321805e-11 
   1.69399303473483087e-07    7.70636035898897359e-11 
   1.62963863403753351e-07    7.51566116222392525e-11 
   1.56772913761926702e-07    7.33030330478211153e-11 
   1.50817172195338856e-07    7.15007017052319043e-11 
   1.45087701741708486e-07    6.97475794787621960e-11 
   1.39575904722910593e-07    6.80417472800696411e-11 
   1.34273509977411720e-07    6.63814216710744870e-11 
   1.29172555984879978e-07    6.47649346269106441e-11 
   1.24265393752764908e-07    6.31907220346271831e-11 
   1.19544660615034104e-07    6.16573310469707022e-11 
   1.15003273348790458e-07    6.01633842756529154e-11 
   1.10634417627153425e-07    5.87075747561492097e-11 
   1.06431534918627335e-07    5.72886612702124986e-11 
   1.02388321598922971e-07    5.59054640009258569e-11 
   9.84987120755675960e-08    5.45568604968292718e-11 
   9.47568705722545701e-08    5.32417819232673172e-11 
   9.11571826911483640e-08    5.19592095805980943e-11 
   8.76942455318996394e-08    5.07081716703128818e-11 
   8.43628648050653851e-08    4.94877402914189118e-11 
   8.11580430637448558e-08    4.82970286506668169e-11 
   7.80749720430407024e-08    4.71351884713405275e-11 
   7.51090262207654291e-08    4.60013798631405552e-11 
   7.22557546017910113e-08    4.48948277148265771e-11 
   6.95108769432906115e-08    4.38147882936313910e-11 
   6.68702757611328025e-08    4.27605313956012984e-11 
   6.43299895575211167e-08    4.17313565224309269e-11 
   6.18862070478343185e-08    4.07265910627793260e-11 
   5.95352611654220709e-08    3.97455886083500762e-11 
   5.72736252868466522e-08    3.87877273940077834e-11 
   5.50979069036117153e-08    3.78524088520978367e-11 
   5.30048419600248621e-08    3.69390562719567922e-11 
   5.09912904123055455e-08    3.60471135563465274e-11 
   4.90542308995145504e-08    3.51760488014039019e-11 
-65 
   4.00000000000000000e+01    5.00000000000000000e-01    3.10000000000000009e+00    3.29999999999999982e+00 
   4.00000000000000000e+01    5.00000000000000000e-01    3.10000000000000009e+00    3.29999999999999982e+00 
   4.00000000000000000e+01    5.00000000000000000e-01    3.10000000000000009e+00    3.29999999999999982e+00 
   4.00000000000000000e+01    5.00000000000000000e-01    3.10000000000000009e+00    3.29999999999999982e+00 
   4.00000000000000000e+01    5.00000000000000000e-01    3.10000000000000009e+00    3.29999999999999982e+00 
   4.00000000000000000e+01    5.00000000000000000e-01    3.10000000000000009e+00    3.29999999999999982e+00 
   4.00000000000000000e+01    5.00000000000000000e-01    3.10000000000000009e+00    3.29999999999999982e+00 
   4.00000000000000000e+01    5.00000000000000000e-01    3.10000000000000009e+00    3.29999999999999982e+00 
   4.00000000000000000e+01    5.00000000000000000e-01    3.10000000000000009e+00    3.29999999999999982e+00 
   4.00000000000000000e+01    5.00000000000000000e-01    3.10000000000000009e+00    3.29999999999999982e+00 
   4.00000000000000000e+01    5.00000000000000000e-01    3.10000000000000009e+00    3.29999999999999982e+00 
   4.00000000000000000e+01    5.00000000000000000e-01    3.10000000000000009e+00    3.29999999999999982e+00 
   4.00000000000000000e+01    5.00000000000000000e-01    3.10000000000000009e+00    3.29999999999999982e+00 
   4.00000000000000000e+01    5.00000000000000000e-01    3.10000000000000009e+00    3.29999999999999982e+00 
   4.00000000000000000e+01    5.00000000000000000e-01    3.10000000000000009e+00    3.29999999999999982e+00 
   4.00000000000000000e+01    5.00000000000000000e-01    3.10000000000000009e+00    3.29999999999999982e+00 
   4.00000000000000000e+01    5.00000000000000000e-01    3.10000000000000009e+00    3.29999999999999982e+00 
   4.00000000000000000e+01    5.00000000000000000e-01    3.10000000000000009e+00    3.29999999999999982e+00 
   4.00000000000000000e+01    5.00000000000000000e-01    3.10000000000000009e+00    3.29999999999999982e+00 
   4.00000000000000000e+01    5.00000000000000000e-01    3.10000000000000009e+00    3.29999999999999982e+00 
   4.00000000000000000e+01    5.00000000000000000e-01    3.10000000000000009e+00    3.29999999999999982e+00 
   4.00000000000000000e+01    5.00000000000000000e-01    3.10000000000000009e+00    3.29999999999999982e+00 
   4.00000000000000000e+01    5.00000000000000000e-01    3.10000000000000009e+00    3.29999999999999982e+00 
   4.00000000000000000e+01    5.00000000000000000e-01    3.10000000000000009e+00    3.29999999999999982e+00 
   4.00000000000000000e+01    5.00000000000000000e-01    3.10000000000000009e+00    3.29999999999999982e+00 
   4.00000000000000000e+01    5.00000000000000000e-01    3.10000000000000009e+00    3.29999999999999982e+00 
   4.00000000000000000e+01    5.00000000000000000e-01    3.10000000000000009e+00    3.29999999999999982e+00 
   4.00000000000000000e+01    5.00000000000000000e-01    3.10000000000000009e+00    3.29999999999999982e+00 
   4.00000000000000000e+01    5.00000000000000000e-01    3.10000000000000009e+00    3.29999999999999982e+00 
   4.00000000000000000e+01    5.00000000000000000e-01    3.10000000000000009e+00    3.29999999999999982e+00 
   4.00000000000000000e+01    5.00000000000000000e-01    3.10000000000000009e+00    3.29999999999999982e+00 
   4.00000000000000000e+01    5.00000000000000000e-01    3.10000000000000009e+00    3.29999999999999982e+00 
   4.00000000000000000e+01    5.00000000000000000e-01    3.10000000000000009e+00    3.29999999999999982e+00 
   4.00000000000000000e+01    5.00000000000000000e-01    3.10000000000000009e+00    3.29999999999999982e+00 
   4.00000000000000000e+01    5.00000000000000000e-01    3.10000000000000009e+00    3.29999999999999982e+00 
   4.00000000000000000e+01    5.00000000000000000e-01    3.10000000000000009e+00    3.29999999999999982e+00 
   4.00000000000000000e+01    5.00000000000000000e-01    3.10000000000000009e+00    3.29999999999999982e+00 
   4.00000000000000000e+01    5.00000000000000000e-01    3.10000000000000009e+00    3.29999999999999982e+00 
   4.00000000000000000e+01    5.00000000000000000e-01    3.10000000000000009e+00    3.29999999999999982e+00 
   4.00000000000000000e+01    5.00000000000000000e-01    3.10000000000000009e+00    3.29999999999999982e+00 
   4.00000000000000000e+01    5.00000000000000000e-01    3.10000000000000009e+00    3.29999999999999982e+00 
   4.00000000000000000e+01    5.00000000000000000e-01    3.10000000000000009e+00    3.29999999999999982e+00 
   4.00000000000000000e+01    5.00000000000000000e-01    3.10000000000000009e+00    3.29999999999999982e+00 
   4.00000000000000000e+01    5.00000000000000000e-01    3.10000000000000009e+00    3.29999999999999982e+00 
   4.00000000000000000e+01    5.00000000000000000e-01    3.10000000000000009e+00    3.29999999999999982e+00 
   4.00000000000000000e+01    5.00000000000000000e-01    3.10000000000000009e+00    3.29999999999999982e+00 
   4.00000000000000000e+01    5.00000000000000000e-01    3.10000000000000009e+00    3.29999999999999982e+00 
   4.00000000000000000e+01    5.00000000000000000e-01    3.10000000000000009e+00    3.29999999999999982e+00 
   4.00000000000000000e+01    5.00000000000000000e-01    3.10000000000000009e+00    3.29999999999999982e+00 
   4.00000000000000000e+01    5.00000000000000000e-01    3.10000000000000009e+00    3.29999999999999982e+00 
   4.00000000000000000e+01    5.00000000000000000e-01    3.10000000000000009e+00    3.29999999999999982e+00 
   4.00000000000000000e+01    5.00000000000000000e-01    3.10000000000000009e+00    3.29999999999999982e+00 
   4.00000000000000000e+01    5.00000000000000000e-01    3.10000000000000009e+00    3.29999999999999982e+00 
   4.00000000000000000e+01    5.00000000000000000e-01    3.10000000000000009e+00    3.29999999999999982e+00 
   4.00000000000000000e+01    5.00000000000000000e-01    3.10000000000000009e+00    3.29999999999999982e+00 
   4.00000000000000000e+01    5.00000000000000000e-01    3.10000000000000009e+00    3.29999999999999982e+00 
   4.00000000000000000e+01    5.00000000000000000e-01    3.10000000000000009e+00    3.29999999999999982e+00 
   4.00000000000000000e+01    5.00000000000000000e-01    3.10000000000000009e+00    3.29999999999999982e+00 
   4.00000000000000000e+01    5.00000000000000000e-01    3.10000000000000009e+00    3.29999999999999982e+00 
   4.00000000000000000e+01    5.00000000000000000e-01    3.10000000000000009e+00    3.29999999999999982e+00 
   4.00000000000000000e+01    5.00000000000000000e-01    3.10000000000000009e+00    3.29999999999999982e+00 
   4.00000000000000000e+01    5.00000000000000000e-01    3.10000000000000009e+00    3.29999999999999982e+00 
   4.00000000000000000e+01    5.00000000000000000e-01    3.10000000000000009e+00    3.29999999999999982e+00 
   4.00000000000000000e+01    5.00000000000000000e-01    3.10000000000000009e+00    3.29999999999999982e+00 
   4.00000000000000000e+01    5.00000000000000000e-01    3.10000000000000009e+00    3.29999999999999982e+00 
0 
