   5.06773071616e+07    7.60159607423e+09    5.06773071616e+06    7.10000000000e-01 
1491 
6.238906e-04 
5.136784e-04 
4.300451e-04 
3.651370e-04 
3.137992e-04 
2.725301e-04 
2.388667e-04 
2.110577e-04 
1.878252e-04 
1.682224e-04 
1.515321e-04 
1.372057e-04 
1.248181e-04 
1.140351e-04 
1.045897e-04 
9.627131e-05 
8.890756e-05 
8.235772e-05 
7.650641e-05 
7.125773e-05 
6.653076e-05 
6.225944e-05 
5.838704e-05 
5.486522e-05 
5.165295e-05 
4.871506e-05 
4.602117e-05 
4.354472e-05 
4.126304e-05 
3.915630e-05 
3.720707e-05 
3.539989e-05 
3.372132e-05 
3.215950e-05 
3.070385e-05 
2.934495e-05 
2.807429e-05 
2.688449e-05 
2.576884e-05 
2.472130e-05 
2.373642e-05 
2.280925e-05 
2.193540e-05 
2.111087e-05 
2.033203e-05 
1.959554e-05 
1.889838e-05 
1.823774e-05 
1.761118e-05 
1.701639e-05 
1.645126e-05 
1.591385e-05 
1.540237e-05 
1.491516e-05 
1.445072e-05 
1.400767e-05 
1.358469e-05 
1.318061e-05 
1.279431e-05 
1.242475e-05 
1.207098e-05 
1.173212e-05 
1.140733e-05 
1.109587e-05 
1.079699e-05 
1.051005e-05 
1.023440e-05 
9.969448e-06 
9.714662e-06 
9.469527e-06 
9.233561e-06 
9.006314e-06 
8.787360e-06 
8.576300e-06 
8.372759e-06 
8.176384e-06 
7.986832e-06 
7.803801e-06 
7.626993e-06 
7.456131e-06 
7.290951e-06 
7.131203e-06 
6.976651e-06 
6.827073e-06 
6.682255e-06 
6.541996e-06 
6.406109e-06 
6.274415e-06 
6.146743e-06 
6.022931e-06 
5.902824e-06 
5.786276e-06 
5.673148e-06 
5.563308e-06 
5.456628e-06 
5.352986e-06 
5.252270e-06 
5.154372e-06 
5.059187e-06 
4.966616e-06 
4.876564e-06 
4.788940e-06 
4.703657e-06 
4.620634e-06 
4.539791e-06 
4.461052e-06 
4.384343e-06 
4.309596e-06 
4.236745e-06 
4.165727e-06 
4.096480e-06 
4.028947e-06 
3.963070e-06 
3.898797e-06 
3.836075e-06 
3.774856e-06 
3.715091e-06 
3.656734e-06 
3.599743e-06 
3.544073e-06 
3.489684e-06 
3.436539e-06 
3.384599e-06 
3.333828e-06 
3.284192e-06 
3.235656e-06 
3.188189e-06 
3.141758e-06 
3.096336e-06 
3.051891e-06 
3.008397e-06 
2.965827e-06 
2.924154e-06 
2.883352e-06 
2.843399e-06 
2.804271e-06 
2.765945e-06 
2.728400e-06 
2.691615e-06 
2.655568e-06 
2.620241e-06 
2.585615e-06 
2.551671e-06 
2.518391e-06 
2.485758e-06 
2.453755e-06 
2.422367e-06 
2.391577e-06 
2.361370e-06 
2.331732e-06 
2.302649e-06 
2.274107e-06 
2.246092e-06 
2.218592e-06 
2.191594e-06 
2.165086e-06 
2.139056e-06 
2.113493e-06 
2.088386e-06 
2.063723e-06 
2.039495e-06 
2.015691e-06 
1.992301e-06 
1.969317e-06 
1.946728e-06 
1.924525e-06 
1.902700e-06 
1.881244e-06 
1.860149e-06 
1.839407e-06 
1.819010e-06 
1.798951e-06 
1.779222e-06 
1.759816e-06 
1.740725e-06 
1.721943e-06 
1.703464e-06 
1.685281e-06 
1.667388e-06 
1.649778e-06 
1.632445e-06 
1.615384e-06 
1.598590e-06 
1.582056e-06 
1.565777e-06 
1.549748e-06 
1.533964e-06 
1.518420e-06 
1.503111e-06 
1.488033e-06 
1.473180e-06 
1.458549e-06 
1.444135e-06 
1.429933e-06 
1.415940e-06 
1.402151e-06 
1.388563e-06 
1.375171e-06 
1.361972e-06 
1.348962e-06 
1.336138e-06 
1.323496e-06 
1.311032e-06 
1.298744e-06 
1.286628e-06 
1.274680e-06 
1.262898e-06 
1.251279e-06 
1.239819e-06 
1.228517e-06 
1.217368e-06 
1.206370e-06 
1.195520e-06 
1.184817e-06 
1.174256e-06 
1.163836e-06 
1.153554e-06 
1.143408e-06 
1.133395e-06 
1.123513e-06 
1.113759e-06 
1.104133e-06 
1.094630e-06 
1.085250e-06 
1.075989e-06 
1.066847e-06 
1.057821e-06 
1.048909e-06 
1.040109e-06 
1.031419e-06 
1.022838e-06 
1.014363e-06 
1.005994e-06 
9.977271e-07 
9.895621e-07 
9.814969e-07 
9.735300e-07 
9.656596e-07 
9.578844e-07 
9.502026e-07 
9.426130e-07 
9.351139e-07 
9.277039e-07 
9.203817e-07 
9.131458e-07 
9.059950e-07 
8.989278e-07 
8.919430e-07 
8.850393e-07 
8.782155e-07 
8.714703e-07 
8.648025e-07 
8.582109e-07 
8.516944e-07 
8.452519e-07 
8.388822e-07 
8.325843e-07 
8.263570e-07 
8.201993e-07 
8.141102e-07 
8.080887e-07 
8.021337e-07 
7.962444e-07 
7.904196e-07 
7.846586e-07 
7.789603e-07 
7.733238e-07 
7.677483e-07 
7.622329e-07 
7.567768e-07 
7.513790e-07 
7.460388e-07 
7.407553e-07 
7.355277e-07 
7.303553e-07 
7.252372e-07 
7.201728e-07 
7.151612e-07 
7.102018e-07 
7.052937e-07 
7.004364e-07 
6.956291e-07 
6.908712e-07 
6.861618e-07 
6.815005e-07 
6.768865e-07 
6.723192e-07 
6.677979e-07 
6.633221e-07 
6.588911e-07 
6.545043e-07 
6.501612e-07 
6.458613e-07 
6.416038e-07 
6.373883e-07 
6.332142e-07 
6.290810e-07 
6.249881e-07 
6.209351e-07 
6.169213e-07 
6.129464e-07 
6.090097e-07 
6.051109e-07 
6.012493e-07 
5.974247e-07 
5.936364e-07 
5.898840e-07 
5.861671e-07 
5.824852e-07 
5.788379e-07 
5.752248e-07 
5.716454e-07 
5.680993e-07 
5.645861e-07 
5.611054e-07 
5.576567e-07 
5.542398e-07 
5.508542e-07 
5.474996e-07 
5.441754e-07 
5.408815e-07 
5.376174e-07 
5.343827e-07 
5.311772e-07 
5.280004e-07 
5.248520e-07 
5.217317e-07 
5.186392e-07 
5.155741e-07 
5.125360e-07 
5.095248e-07 
5.065400e-07 
5.035814e-07 
5.006486e-07 
4.977413e-07 
4.948593e-07 
4.920023e-07 
4.891699e-07 
4.863620e-07 
4.835781e-07 
4.808181e-07 
4.780816e-07 
4.753684e-07 
4.726783e-07 
4.700109e-07 
4.673661e-07 
4.647435e-07 
4.621430e-07 
4.595642e-07 
4.570069e-07 
4.544709e-07 
4.519560e-07 
4.494619e-07 
4.469884e-07 
4.445352e-07 
4.421022e-07 
4.396891e-07 
4.372957e-07 
4.349218e-07 
4.325672e-07 
4.302316e-07 
4.279150e-07 
4.256169e-07 
4.233374e-07 
4.210761e-07 
4.188329e-07 
4.166075e-07 
4.143999e-07 
4.122097e-07 
4.100369e-07 
4.078812e-07 
4.057425e-07 
4.036205e-07 
4.015152e-07 
3.994262e-07 
3.973536e-07 
3.952970e-07 
3.932563e-07 
3.912315e-07 
3.892222e-07 
3.872283e-07 
3.852498e-07 
3.832864e-07 
3.813379e-07 
3.794043e-07 
3.774853e-07 
3.755808e-07 
3.736908e-07 
3.718149e-07 
3.699532e-07 
3.681054e-07 
3.662714e-07 
3.644511e-07 
3.626443e-07 
3.608510e-07 
3.590709e-07 
3.573039e-07 
3.555499e-07 
3.538089e-07 
3.520806e-07 
3.503649e-07 
3.486617e-07 
3.469710e-07 
3.452924e-07 
3.436261e-07 
3.419718e-07 
3.403294e-07 
3.386988e-07 
3.370799e-07 
3.354725e-07 
3.338767e-07 
3.322922e-07 
3.307189e-07 
3.291568e-07 
3.276058e-07 
3.260657e-07 
3.245364e-07 
3.230179e-07 
3.215099e-07 
3.200126e-07 
3.185256e-07 
3.170490e-07 
3.155827e-07 
3.141265e-07 
3.126803e-07 
3.112441e-07 
3.098178e-07 
3.084013e-07 
3.069945e-07 
3.055972e-07 
3.042095e-07 
3.028313e-07 
3.014623e-07 
3.001026e-07 
2.987522e-07 
2.974108e-07 
2.960784e-07 
2.947549e-07 
2.934403e-07 
2.921345e-07 
2.908374e-07 
2.895489e-07 
2.882689e-07 
2.869974e-07 
2.857344e-07 
2.844796e-07 
2.832330e-07 
2.819947e-07 
2.807644e-07 
2.795422e-07 
2.783280e-07 
2.771216e-07 
2.759231e-07 
2.747323e-07 
2.735492e-07 
2.723738e-07 
2.712059e-07 
2.700455e-07 
2.688925e-07 
2.677469e-07 
2.666087e-07 
2.654776e-07 
2.643537e-07 
2.632370e-07 
2.621273e-07 
2.610246e-07 
2.599289e-07 
2.588401e-07 
2.577580e-07 
2.566828e-07 
2.556143e-07 
2.545524e-07 
2.534971e-07 
2.524484e-07 
2.514062e-07 
2.503704e-07 
2.493410e-07 
2.483179e-07 
2.473011e-07 
2.462906e-07 
2.452862e-07 
2.442880e-07 
2.432958e-07 
2.423097e-07 
2.413296e-07 
2.403554e-07 
2.393871e-07 
2.384246e-07 
2.374679e-07 
2.365170e-07 
2.355717e-07 
2.346322e-07 
2.336982e-07 
2.327698e-07 
2.318469e-07 
2.309295e-07 
2.300175e-07 
2.291110e-07 
2.282097e-07 
2.273138e-07 
2.264231e-07 
2.255377e-07 
2.246575e-07 
2.237824e-07 
2.229124e-07 
2.220474e-07 
2.211875e-07 
2.203326e-07 
2.194826e-07 
2.186375e-07 
2.177973e-07 
2.169620e-07 
2.161314e-07 
2.153056e-07 
2.144845e-07 
2.136681e-07 
2.128564e-07 
2.120493e-07 
2.112467e-07 
2.104487e-07 
2.096553e-07 
2.088663e-07 
2.080817e-07 
2.073016e-07 
2.065258e-07 
2.057544e-07 
2.049873e-07 
2.042245e-07 
2.034659e-07 
2.027115e-07 
2.019614e-07 
2.012154e-07 
2.004735e-07 
1.997357e-07 
1.990020e-07 
1.982723e-07 
1.975466e-07 
1.968249e-07 
1.961072e-07 
1.953933e-07 
1.946834e-07 
1.939773e-07 
1.932750e-07 
1.925766e-07 
1.918819e-07 
1.911910e-07 
1.905038e-07 
1.898204e-07 
1.891405e-07 
1.884644e-07 
1.877918e-07 
1.871229e-07 
1.864575e-07 
1.857956e-07 
1.851373e-07 
1.844825e-07 
1.838311e-07 
1.831832e-07 
1.825387e-07 
1.818976e-07 
1.812598e-07 
1.806254e-07 
1.799944e-07 
1.793666e-07 
1.787421e-07 
1.781209e-07 
1.775029e-07 
1.768881e-07 
1.762765e-07 
1.756681e-07 
1.750628e-07 
1.744607e-07 
1.738616e-07 
1.732656e-07 
1.726727e-07 
1.720828e-07 
1.714960e-07 
1.709121e-07 
1.703312e-07 
1.697533e-07 
1.691783e-07 
1.686062e-07 
1.680370e-07 
1.674707e-07 
1.669073e-07 
1.663467e-07 
1.657889e-07 
1.652339e-07 
1.646817e-07 
1.641322e-07 
1.635855e-07 
1.630416e-07 
1.625003e-07 
1.619617e-07 
1.614258e-07 
1.608926e-07 
1.603620e-07 
1.598340e-07 
1.593086e-07 
1.587859e-07 
1.582656e-07 
1.577480e-07 
1.572328e-07 
1.567202e-07 
1.562101e-07 
1.557025e-07 
1.551973e-07 
1.546946e-07 
1.541943e-07 
1.536965e-07 
1.532011e-07 
1.527080e-07 
1.522174e-07 
1.517290e-07 
1.512431e-07 
1.507595e-07 
1.502782e-07 
1.497991e-07 
1.493224e-07 
1.488480e-07 
1.483758e-07 
1.479058e-07 
1.474381e-07 
1.469726e-07 
1.465093e-07 
1.460482e-07 
1.455892e-07 
1.451324e-07 
1.446778e-07 
1.442253e-07 
1.437749e-07 
1.433266e-07 
1.428805e-07 
1.424364e-07 
1.419943e-07 
1.415543e-07 
1.411164e-07 
1.406805e-07 
1.402466e-07 
1.398147e-07 
1.393848e-07 
1.389569e-07 
1.385309e-07 
1.381069e-07 
1.376849e-07 
1.372648e-07 
1.368466e-07 
1.364303e-07 
1.360159e-07 
1.356034e-07 
1.351927e-07 
1.347840e-07 
1.343770e-07 
1.339720e-07 
1.335687e-07 
1.331673e-07 
1.327676e-07 
1.323698e-07 
1.319738e-07 
1.315795e-07 
1.311870e-07 
1.307962e-07 
1.304072e-07 
1.300199e-07 
1.296344e-07 
1.292505e-07 
1.288684e-07 
1.284880e-07 
1.281092e-07 
1.277321e-07 
1.273567e-07 
1.269829e-07 
1.266108e-07 
1.262403e-07 
1.258714e-07 
1.255041e-07 
1.251385e-07 
1.247744e-07 
1.244119e-07 
1.240510e-07 
1.236917e-07 
1.233339e-07 
1.229777e-07 
1.226230e-07 
1.222699e-07 
1.219182e-07 
1.215681e-07 
1.212195e-07 
1.208724e-07 
1.205268e-07 
1.201827e-07 
1.198400e-07 
1.194988e-07 
1.191591e-07 
1.188208e-07 
1.184839e-07 
1.181485e-07 
1.178145e-07 
1.174819e-07 
1.171507e-07 
1.168209e-07 
1.164925e-07 
1.161655e-07 
1.158398e-07 
1.155156e-07 
1.151926e-07 
1.148711e-07 
1.145509e-07 
1.142320e-07 
1.139144e-07 
1.135982e-07 
1.132833e-07 
1.129697e-07 
1.126574e-07 
1.123464e-07 
1.120367e-07 
1.117282e-07 
1.114210e-07 
1.111151e-07 
1.108105e-07 
1.105071e-07 
1.102049e-07 
1.099040e-07 
1.096043e-07 
1.093059e-07 
1.090086e-07 
1.087126e-07 
1.084177e-07 
1.081241e-07 
1.078317e-07 
1.075404e-07 
1.072503e-07 
1.069614e-07 
1.066737e-07 
1.063871e-07 
1.061017e-07 
1.058174e-07 
1.055343e-07 
1.052523e-07 
1.049714e-07 
1.046916e-07 
1.044130e-07 
1.041355e-07 
1.038591e-07 
1.035837e-07 
1.033095e-07 
1.030364e-07 
1.027643e-07 
1.024933e-07 
1.022234e-07 
1.019546e-07 
1.016868e-07 
1.014201e-07 
1.011544e-07 
1.008897e-07 
1.006261e-07 
1.003636e-07 
1.001020e-07 
9.984148e-08 
9.958197e-08 
9.932348e-08 
9.906598e-08 
9.880949e-08 
9.855399e-08 
9.829948e-08 
9.804595e-08 
9.779341e-08 
9.754184e-08 
9.729124e-08 
9.704160e-08 
9.679292e-08 
9.654520e-08 
9.629843e-08 
9.605260e-08 
9.580771e-08 
9.556376e-08 
9.532074e-08 
9.507864e-08 
9.483747e-08 
9.459721e-08 
9.435786e-08 
9.411942e-08 
9.388189e-08 
9.364525e-08 
9.340950e-08 
9.317465e-08 
9.294068e-08 
9.270758e-08 
9.247537e-08 
9.224403e-08 
9.201355e-08 
9.178394e-08 
9.155518e-08 
9.132728e-08 
9.110023e-08 
9.087402e-08 
9.064866e-08 
9.042413e-08 
9.020044e-08 
8.997757e-08 
8.975553e-08 
8.953431e-08 
8.931391e-08 
8.909432e-08 
8.887554e-08 
8.865757e-08 
8.844039e-08 
8.822401e-08 
8.800843e-08 
8.779364e-08 
8.757963e-08 
8.736640e-08 
8.715395e-08 
8.694227e-08 
8.673136e-08 
8.652123e-08 
8.631185e-08 
8.610323e-08 
8.589537e-08 
8.568826e-08 
8.548190e-08 
8.527628e-08 
8.507140e-08 
8.486726e-08 
8.466386e-08 
8.446118e-08 
8.425923e-08 
8.405801e-08 
8.385750e-08 
8.365772e-08 
8.345864e-08 
8.326028e-08 
8.306262e-08 
8.286566e-08 
8.266941e-08 
8.247385e-08 
8.227898e-08 
8.208480e-08 
8.189131e-08 
8.169851e-08 
8.150638e-08 
8.131493e-08 
8.112415e-08 
8.093405e-08 
8.074461e-08 
8.055584e-08 
8.036773e-08 
8.018027e-08 
7.999347e-08 
7.980733e-08 
7.962183e-08 
7.943698e-08 
7.925277e-08 
7.906920e-08 
7.888627e-08 
7.870397e-08 
7.852230e-08 
7.834126e-08 
7.816085e-08 
7.798106e-08 
7.780189e-08 
7.762334e-08 
7.744540e-08 
7.726807e-08 
7.709135e-08 
7.691523e-08 
7.673972e-08 
7.656481e-08 
7.639049e-08 
7.621677e-08 
7.604364e-08 
7.587111e-08 
7.569915e-08 
7.552778e-08 
7.535700e-08 
7.518679e-08 
7.501716e-08 
7.484810e-08 
7.467961e-08 
7.451169e-08 
7.434434e-08 
7.417754e-08 
7.401131e-08 
7.384564e-08 
7.368053e-08 
7.351596e-08 
7.335195e-08 
7.318849e-08 
7.302557e-08 
7.286319e-08 
7.270136e-08 
7.254006e-08 
7.237930e-08 
7.221908e-08 
7.205938e-08 
7.190022e-08 
7.174158e-08 
7.158347e-08 
7.142587e-08 
7.126880e-08 
7.111225e-08 
7.095621e-08 
7.080068e-08 
7.064567e-08 
7.049116e-08 
7.033716e-08 
7.018366e-08 
7.003067e-08 
6.987817e-08 
6.972618e-08 
6.957468e-08 
6.942367e-08 
6.927315e-08 
6.912312e-08 
6.897358e-08 
6.882452e-08 
6.867595e-08 
6.852786e-08 
6.838024e-08 
6.823310e-08 
6.808644e-08 
6.794025e-08 
6.779453e-08 
6.764927e-08 
6.750449e-08 
6.736016e-08 
6.721630e-08 
6.707291e-08 
6.692996e-08 
6.678748e-08 
6.664545e-08 
6.650387e-08 
6.636274e-08 
6.622207e-08 
6.608183e-08 
6.594205e-08 
6.580271e-08 
6.566380e-08 
6.552534e-08 
6.538731e-08 
6.524973e-08 
6.511257e-08 
6.497585e-08 
6.483955e-08 
6.470369e-08 
6.456825e-08 
6.443323e-08 
6.429864e-08 
6.416447e-08 
6.403072e-08 
6.389739e-08 
6.376448e-08 
6.363197e-08 
6.349989e-08 
6.336821e-08 
6.323694e-08 
6.310608e-08 
6.297562e-08 
6.284557e-08 
6.271592e-08 
6.258667e-08 
6.245782e-08 
6.232937e-08 
6.220131e-08 
6.207365e-08 
6.194638e-08 
6.181950e-08 
6.169302e-08 
6.156691e-08 
6.144120e-08 
6.131587e-08 
6.119092e-08 
6.106636e-08 
6.094217e-08 
6.081836e-08 
6.069493e-08 
6.057188e-08 
6.044920e-08 
6.032689e-08 
6.020495e-08 
6.008338e-08 
5.996218e-08 
5.984135e-08 
5.972088e-08 
5.960077e-08 
5.948103e-08 
5.936165e-08 
5.924262e-08 
5.912396e-08 
5.900564e-08 
5.888769e-08 
5.877009e-08 
5.865284e-08 
5.853594e-08 
5.841938e-08 
5.830318e-08 
5.818733e-08 
5.807181e-08 
5.795665e-08 
5.784182e-08 
5.772733e-08 
5.761319e-08 
5.749938e-08 
5.738591e-08 
5.727278e-08 
5.715998e-08 
5.704751e-08 
5.693537e-08 
5.682357e-08 
5.671209e-08 
5.660094e-08 
5.649012e-08 
5.637962e-08 
5.626945e-08 
5.615960e-08 
5.605007e-08 
5.594086e-08 
5.583197e-08 
5.572340e-08 
5.561514e-08 
5.550720e-08 
5.539957e-08 
5.529226e-08 
5.518525e-08 
5.507856e-08 
5.497218e-08 
5.486610e-08 
5.476033e-08 
5.465487e-08 
5.454971e-08 
5.444486e-08 
5.434030e-08 
5.423605e-08 
5.413210e-08 
5.402844e-08 
5.392509e-08 
5.382202e-08 
5.371926e-08 
5.361679e-08 
5.351461e-08 
5.341272e-08 
5.331113e-08 
5.320982e-08 
5.310880e-08 
5.300807e-08 
5.290763e-08 
5.280747e-08 
5.270759e-08 
5.260800e-08 
5.250869e-08 
5.240966e-08 
5.231091e-08 
5.221244e-08 
5.211425e-08 
5.201634e-08 
5.191870e-08 
5.182133e-08 
5.172424e-08 
5.162742e-08 
5.153087e-08 
5.143459e-08 
5.133859e-08 
5.124285e-08 
5.114738e-08 
5.105217e-08 
5.095723e-08 
5.086256e-08 
5.076815e-08 
5.067400e-08 
5.058011e-08 
5.048649e-08 
5.039312e-08 
5.030001e-08 
5.020717e-08 
5.011457e-08 
5.002224e-08 
4.993015e-08 
4.983833e-08 
4.974675e-08 
4.965543e-08 
4.956436e-08 
4.947354e-08 
4.938296e-08 
4.929264e-08 
4.920257e-08 
4.911274e-08 
4.902315e-08 
4.893382e-08 
4.884472e-08 
4.875587e-08 
4.866726e-08 
4.857889e-08 
4.849077e-08 
4.840288e-08 
4.831523e-08 
4.822782e-08 
4.814064e-08 
4.805371e-08 
4.796700e-08 
4.788054e-08 
4.779430e-08 
4.770830e-08 
4.762253e-08 
4.753699e-08 
4.745168e-08 
4.736660e-08 
4.728175e-08 
4.719713e-08 
4.711274e-08 
4.702857e-08 
4.694462e-08 
4.686090e-08 
4.677741e-08 
4.669413e-08 
4.661108e-08 
4.652825e-08 
4.644565e-08 
4.636326e-08 
4.628109e-08 
4.619914e-08 
4.611740e-08 
4.603588e-08 
4.595458e-08 
4.587350e-08 
4.579262e-08 
4.571197e-08 
4.563152e-08 
4.555129e-08 
4.547127e-08 
4.539146e-08 
4.531185e-08 
4.523246e-08 
4.515328e-08 
4.507430e-08 
4.499553e-08 
4.491697e-08 
4.483862e-08 
4.476046e-08 
4.468252e-08 
4.460477e-08 
4.452723e-08 
4.444989e-08 
4.437275e-08 
4.429582e-08 
4.421908e-08 
4.414254e-08 
4.406620e-08 
4.399006e-08 
4.391411e-08 
4.383836e-08 
4.376281e-08 
4.368745e-08 
4.361229e-08 
4.353732e-08 
4.346255e-08 
4.338796e-08 
4.331357e-08 
4.323937e-08 
4.316536e-08 
4.309154e-08 
4.301791e-08 
4.294447e-08 
4.287121e-08 
4.279815e-08 
4.272527e-08 
4.265257e-08 
4.258006e-08 
4.250774e-08 
4.243560e-08 
4.236364e-08 
4.229187e-08 
4.222028e-08 
4.214887e-08 
4.207764e-08 
4.200659e-08 
4.193572e-08 
4.186503e-08 
4.179452e-08 
4.172419e-08 
4.165403e-08 
4.158405e-08 
4.151425e-08 
4.144462e-08 
4.137517e-08 
4.130589e-08 
4.123679e-08 
4.116786e-08 
4.109910e-08 
4.103051e-08 
4.096210e-08 
4.089386e-08 
4.082578e-08 
4.075788e-08 
4.069015e-08 
4.062258e-08 
4.055519e-08 
4.048796e-08 
4.042090e-08 
4.035400e-08 
4.028727e-08 
4.022071e-08 
4.015431e-08 
4.008807e-08 
4.002200e-08 
3.995609e-08 
3.989035e-08 
3.982476e-08 
3.975934e-08 
3.969408e-08 
3.962898e-08 
3.956404e-08 
3.949926e-08 
3.943464e-08 
3.937017e-08 
3.930587e-08 
3.924172e-08 
3.917773e-08 
3.911389e-08 
3.905022e-08 
3.898669e-08 
3.892332e-08 
3.886011e-08 
3.879705e-08 
3.873414e-08 
3.867139e-08 
3.860879e-08 
3.854634e-08 
3.848404e-08 
3.842189e-08 
3.835989e-08 
3.829805e-08 
3.823635e-08 
3.817480e-08 
3.811340e-08 
3.805215e-08 
3.799104e-08 
3.793009e-08 
3.786928e-08 
3.780861e-08 
3.774809e-08 
3.768772e-08 
3.762749e-08 
3.756740e-08 
3.750746e-08 
3.744766e-08 
3.738801e-08 
3.732850e-08 
3.726913e-08 
3.720990e-08 
3.715081e-08 
3.709186e-08 
3.703306e-08 
3.697439e-08 
3.691586e-08 
3.685747e-08 
3.679922e-08 
3.674111e-08 
3.668313e-08 
3.662529e-08 
3.656759e-08 
3.651003e-08 
3.645260e-08 
3.639530e-08 
3.633815e-08 
3.628112e-08 
3.622423e-08 
3.616747e-08 
3.611085e-08 
3.605436e-08 
3.599800e-08 
3.594178e-08 
3.588568e-08 
3.582972e-08 
3.577389e-08 
3.571819e-08 
3.566261e-08 
3.560717e-08 
3.555186e-08 
3.549667e-08 
3.544162e-08 
3.538669e-08 
3.533189e-08 
3.527722e-08 
3.522267e-08 
3.516825e-08 
3.511396e-08 
3.505979e-08 
3.500575e-08 
3.495183e-08 
3.489803e-08 
3.484436e-08 
3.479082e-08 
3.473740e-08 
3.468410e-08 
3.463092e-08 
3.457786e-08 
3.452493e-08 
3.447212e-08 
3.441943e-08 
3.436686e-08 
3.431441e-08 
3.426208e-08 
3.420987e-08 
3.415778e-08 
3.410581e-08 
3.405396e-08 
3.400222e-08 
3.395060e-08 
3.389910e-08 
3.384772e-08 
3.379646e-08 
3.374531e-08 
3.369427e-08 
3.364335e-08 
3.359255e-08 
3.354186e-08 
3.349129e-08 
3.344083e-08 
3.339049e-08 
3.334026e-08 
3.329014e-08 
3.324014e-08 
3.319024e-08 
3.314046e-08 
3.309079e-08 
3.304124e-08 
3.299179e-08 
3.294246e-08 
3.289324e-08 
3.284412e-08 
3.279512e-08 
3.274622e-08 
3.269744e-08 
3.264876e-08 
3.260020e-08 
3.255174e-08 
3.250339e-08 
3.245514e-08 
3.240701e-08 
3.235898e-08 
3.231106e-08 
3.226324e-08 
3.221553e-08 
3.216793e-08 
3.212043e-08 
3.207303e-08 
3.202575e-08 
3.197856e-08 
3.193148e-08 
3.188451e-08 
3.183763e-08 
3.179086e-08 
3.174420e-08 
3.169763e-08 
3.165117e-08 
3.160481e-08 
3.155856e-08 
3.151240e-08 
3.146635e-08 
3.142039e-08 
3.137454e-08 
3.132879e-08 
3.128313e-08 
3.123758e-08 
3.119213e-08 
3.114677e-08 
3.110152e-08 
3.105636e-08 
3.101130e-08 
3.096634e-08 
3.092148e-08 
3.087671e-08 
3.083204e-08 
3.078747e-08 
3.074299e-08 
3.069862e-08 
3.065433e-08 
3.061015e-08 
3.056605e-08 
3.052206e-08 
3.047816e-08 
3.043435e-08 
3.039064e-08 
3.034702e-08 
3.030349e-08 
3.026006e-08 
3.021673e-08 
3.017348e-08 
3.013033e-08 
3.008727e-08 
3.004430e-08 
3.000143e-08 
2.995864e-08 
2.991595e-08 
2.987335e-08 
2.983084e-08 
2.978842e-08 
2.974609e-08 
2.970385e-08 
2.966171e-08 
2.961965e-08 
2.957768e-08 
2.953580e-08 
2.949401e-08 
2.945230e-08 
2.941069e-08 
2.936916e-08 
2.932772e-08 
2.928637e-08 
2.924511e-08 
2.920393e-08 
2.916284e-08 
2.912184e-08 
2.908092e-08 
2.904009e-08 
2.899935e-08 
2.895869e-08 
2.891812e-08 
2.887763e-08 
2.883723e-08 
2.879691e-08 
2.875667e-08 
2.871652e-08 
2.867646e-08 
2.863648e-08 
2.859658e-08 
2.855676e-08 
2.851703e-08 
2.847738e-08 
2.843782e-08 
2.839833e-08 
2.835893e-08 
2.831961e-08 
2.828037e-08 
2.824122e-08 
2.820214e-08 
2.816315e-08 
2.812423e-08 
2.808540e-08 
2.804665e-08 
2.800798e-08 
2.796939e-08 
2.793087e-08 
2.789244e-08 
2.785409e-08 
2.781581e-08 
2.777761e-08 
2.773950e-08 
2.770146e-08 
2.766350e-08 
2.762562e-08 
2.758781e-08 
2.755008e-08 
2.751243e-08 
2.747486e-08 
2.743736e-08 
2.739994e-08 
2.736260e-08 
2.732533e-08 
2.728814e-08 
2.725103e-08 
2.721399e-08 
2.717703e-08 
2.714014e-08 
2.710333e-08 
2.706659e-08 
2.702992e-08 
2.699333e-08 
2.695682e-08 
2.692038e-08 
2.688401e-08 
2.684772e-08 
2.681150e-08 
2.677535e-08 
2.673928e-08 
2.670328e-08 
2.666735e-08 
2.663149e-08 
2.659571e-08 
2.656000e-08 
2.652436e-08 
2.648879e-08 
2.645329e-08 
2.641787e-08 
2.638252e-08 
2.634723e-08 
2.631202e-08 
2.627688e-08 
2.624181e-08 
2.620681e-08 
2.617187e-08 
6.194549e-05 
4.306552e-05 
3.088500e-05 
2.272547e-05 
1.708596e-05 
1.308397e-05 
1.017986e-05 
8.032949e-06 
6.419683e-06 
5.189477e-06 
4.238821e-06 
3.495232e-06 
2.907017e-06 
2.436891e-06 
2.057589e-06 
1.748905e-06 
1.495680e-06 
1.286413e-06 
1.112287e-06 
9.664765e-07 
8.436517e-07 
7.396130e-07 
6.510300e-07 
5.752386e-07 
5.100940e-07 
4.538585e-07 
4.051155e-07 
3.627036e-07 
3.256657e-07 
2.932087e-07 
2.646722e-07 
2.395041e-07 
2.172408e-07 
1.974910e-07 
1.799236e-07 
1.642569e-07 
1.502506e-07 
1.376990e-07 
1.264255e-07 
1.162777e-07 
1.071242e-07 
9.885096e-08 
9.135874e-08 
8.456118e-08 
7.838279e-08 
7.275746e-08 
6.762710e-08 
6.294063e-08 
5.865297e-08 
5.472427e-08 
5.111925e-08 
4.780666e-08 
4.475854e-08 
4.195006e-08 
3.935905e-08 
3.696571e-08 
3.475229e-08 
3.270286e-08 
3.080311e-08 
2.904018e-08 
2.740244e-08 
2.587942e-08 
2.446164e-08 
2.314053e-08 
2.190831e-08 
2.075792e-08 
1.968296e-08 
1.867757e-08 
1.773644e-08 
1.685472e-08 
1.602798e-08 
1.525213e-08 
1.452351e-08 
1.383871e-08 
1.319461e-08 
1.258836e-08 
1.201732e-08 
1.147907e-08 
1.097137e-08 
1.049218e-08 
1.003960e-08 
9.611872e-09 
9.207378e-09 
8.824620e-09 
8.462213e-09 
8.118869e-09 
7.793398e-09 
7.484693e-09 
7.191726e-09 
6.913544e-09 
6.649257e-09 
6.398043e-09 
6.159127e-09 
5.931788e-09 
5.715357e-09 
5.509208e-09 
5.312756e-09 
5.125457e-09 
4.946799e-09 
4.776306e-09 
4.613530e-09 
4.458052e-09 
4.309481e-09 
4.167448e-09 
4.031607e-09 
3.901635e-09 
3.777228e-09 
3.658097e-09 
3.543976e-09 
3.434609e-09 
3.329759e-09 
3.229201e-09 
3.132723e-09 
3.040125e-09 
2.951221e-09 
2.865830e-09 
2.783787e-09 
2.704932e-09 
2.629115e-09 
2.556196e-09 
2.486039e-09 
2.418519e-09 
2.353515e-09 
2.290913e-09 
2.230606e-09 
2.172492e-09 
2.116474e-09 
2.062460e-09 
2.010363e-09 
1.960100e-09 
1.911593e-09 
1.864766e-09 
1.819550e-09 
1.775875e-09 
1.733679e-09 
1.692900e-09 
1.653480e-09 
1.615363e-09 
1.578498e-09 
1.542832e-09 
1.508320e-09 
1.474914e-09 
1.442572e-09 
1.411251e-09 
1.380914e-09 
1.351521e-09 
1.323036e-09 
1.295426e-09 
1.268657e-09 
1.242698e-09 
1.217518e-09 
1.193089e-09 
1.169383e-09 
1.146373e-09 
1.124035e-09 
1.102345e-09 
1.081278e-09 
1.060813e-09 
1.040928e-09 
1.021604e-09 
1.002820e-09 
9.845576e-10 
9.667992e-10 
9.495271e-10 
9.327249e-10 
9.163767e-10 
9.004671e-10 
8.849814e-10 
8.699055e-10 
8.552259e-10 
8.409296e-10 
8.270039e-10 
8.134369e-10 
8.002170e-10 
7.873329e-10 
7.747740e-10 
7.625300e-10 
7.505909e-10 
7.389471e-10 
7.275894e-10 
7.165089e-10 
7.056971e-10 
6.951457e-10 
6.848468e-10 
6.747927e-10 
6.649761e-10 
6.553897e-10 
6.460268e-10 
6.368806e-10 
6.279449e-10 
6.192134e-10 
6.106808e-10 
6.023407e-10 
5.941876e-10 
5.862160e-10 
5.784208e-10 
5.707970e-10 
5.633398e-10 
5.560445e-10 
5.489066e-10 
5.419216e-10 
5.350855e-10 
5.283941e-10 
5.218434e-10 
5.154296e-10 
5.091491e-10 
5.029982e-10 
4.969735e-10 
4.910717e-10 
4.852894e-10 
4.796236e-10 
4.740711e-10 
4.686291e-10 
4.632947e-10 
4.580651e-10 
4.529376e-10 
4.479096e-10 
4.429786e-10 
4.381421e-10 
4.333978e-10 
4.287433e-10 
4.241765e-10 
4.196951e-10 
4.152971e-10 
4.109805e-10 
4.067431e-10 
4.025831e-10 
3.984987e-10 
3.944881e-10 
3.905493e-10 
3.866809e-10 
3.828810e-10 
3.791481e-10 
3.754807e-10 
3.718771e-10 
3.683359e-10 
3.648557e-10 
3.614350e-10 
3.580726e-10 
3.547670e-10 
3.515170e-10 
3.483214e-10 
3.451789e-10 
3.420883e-10 
3.390485e-10 
3.360583e-10 
3.331167e-10 
3.302227e-10 
3.273751e-10 
3.245729e-10 
3.218152e-10 
3.191011e-10 
3.164295e-10 
3.137997e-10 
3.112106e-10 
3.086615e-10 
3.061514e-10 
3.036797e-10 
3.012455e-10 
2.988479e-10 
2.964864e-10 
2.941600e-10 
2.918682e-10 
2.896101e-10 
2.873852e-10 
2.851927e-10 
2.830320e-10 
2.809025e-10 
2.788035e-10 
2.767345e-10 
2.746948e-10 
2.726839e-10 
2.707012e-10 
2.687462e-10 
2.668183e-10 
2.649171e-10 
2.630419e-10 
2.611923e-10 
2.593679e-10 
2.575681e-10 
2.557924e-10 
2.540405e-10 
2.523119e-10 
2.506061e-10 
2.489227e-10 
2.472614e-10 
2.456216e-10 
2.440031e-10 
2.424054e-10 
2.408282e-10 
2.392710e-10 
2.377333e-10 
2.362149e-10 
2.347156e-10 
2.332349e-10 
2.317727e-10 
2.303284e-10 
2.289019e-10 
2.274929e-10 
2.261009e-10 
2.247258e-10 
2.233672e-10 
2.220248e-10 
2.206985e-10 
2.193878e-10 
2.180926e-10 
2.168125e-10 
2.155474e-10 
2.142969e-10 
2.130609e-10 
2.118391e-10 
2.106312e-10 
2.094371e-10 
2.082564e-10 
2.070891e-10 
2.059348e-10 
2.047934e-10 
2.036646e-10 
2.025483e-10 
2.014442e-10 
2.003522e-10 
1.992721e-10 
1.982036e-10 
1.971466e-10 
1.961010e-10 
1.950665e-10 
1.940429e-10 
1.930302e-10 
1.920281e-10 
1.910364e-10 
1.900551e-10 
1.890839e-10 
1.881228e-10 
1.871714e-10 
1.862298e-10 
1.852978e-10 
1.843751e-10 
1.834618e-10 
1.825575e-10 
1.816623e-10 
1.807760e-10 
1.798984e-10 
1.790294e-10 
1.781689e-10 
1.773168e-10 
1.764729e-10 
1.756372e-10 
1.748095e-10 
1.739897e-10 
1.731777e-10 
1.723733e-10 
1.715766e-10 
1.707873e-10 
1.700054e-10 
1.692307e-10 
1.684632e-10 
1.677028e-10 
1.669493e-10 
1.662027e-10 
1.654629e-10 
1.647298e-10 
1.640033e-10 
1.632833e-10 
1.625697e-10 
1.618624e-10 
1.611615e-10 
1.604666e-10 
1.597779e-10 
1.590952e-10 
1.584184e-10 
1.577474e-10 
1.570823e-10 
1.564228e-10 
1.557690e-10 
1.551207e-10 
1.544779e-10 
1.538406e-10 
1.532086e-10 
1.525818e-10 
1.519603e-10 
1.513440e-10 
1.507327e-10 
1.501264e-10 
1.495251e-10 
1.489287e-10 
1.483371e-10 
1.477504e-10 
1.471683e-10 
1.465909e-10 
1.460181e-10 
1.454499e-10 
1.448862e-10 
1.443271e-10 
1.437723e-10 
1.432218e-10 
1.426756e-10 
1.421337e-10 
1.415959e-10 
1.410623e-10 
1.405327e-10 
1.400072e-10 
1.394857e-10 
1.389681e-10 
1.384544e-10 
1.379446e-10 
1.374386e-10 
1.369363e-10 
1.364378e-10 
1.359429e-10 
1.354517e-10 
1.349641e-10 
1.344800e-10 
1.339995e-10 
1.335224e-10 
1.330488e-10 
1.325786e-10 
1.321117e-10 
1.316482e-10 
1.311879e-10 
1.307309e-10 
1.302771e-10 
1.298265e-10 
1.293791e-10 
1.289348e-10 
1.284935e-10 
1.280553e-10 
1.276201e-10 
1.271879e-10 
1.267587e-10 
1.263324e-10 
1.259089e-10 
1.254884e-10 
1.250706e-10 
1.246557e-10 
1.242435e-10 
1.238341e-10 
1.234274e-10 
1.230234e-10 
1.226220e-10 
1.222233e-10 
1.218271e-10 
1.214336e-10 
1.210426e-10 
1.206541e-10 
1.202682e-10 
1.198847e-10 
1.195037e-10 
1.191251e-10 
1.187489e-10 
1.183751e-10 
1.180036e-10 
1.176345e-10 
1.172677e-10 
1.169031e-10 
1.165409e-10 
1.161809e-10 
1.158231e-10 
1.154675e-10 
1.151141e-10 
1.147628e-10 
1.144137e-10 
1.140667e-10 
1.137219e-10 
1.133790e-10 
1.130383e-10 
1.126996e-10 
1.123629e-10 
1.120282e-10 
1.116955e-10 
1.113648e-10 
1.110360e-10 
1.107091e-10 
1.103842e-10 
1.100611e-10 
1.097400e-10 
1.094207e-10 
1.091032e-10 
1.087876e-10 
1.084737e-10 
1.081617e-10 
1.078514e-10 
1.075429e-10 
1.072362e-10 
1.069312e-10 
1.066279e-10 
1.063263e-10 
1.060264e-10 
1.057281e-10 
1.054316e-10 
1.051366e-10 
1.048433e-10 
1.045516e-10 
1.042614e-10 
1.039729e-10 
1.036859e-10 
1.034005e-10 
1.031167e-10 
1.028344e-10 
1.025536e-10 
1.022743e-10 
1.019965e-10 
1.017202e-10 
1.014453e-10 
1.011719e-10 
1.009000e-10 
1.006295e-10 
1.003604e-10 
1.000928e-10 
9.982651e-11 
9.956164e-11 
9.929815e-11 
9.903603e-11 
9.877526e-11 
9.851584e-11 
9.825775e-11 
9.800098e-11 
9.774553e-11 
9.749138e-11 
9.723853e-11 
9.698696e-11 
9.673666e-11 
9.648762e-11 
9.623984e-11 
9.599329e-11 
9.574798e-11 
9.550390e-11 
9.526103e-11 
9.501936e-11 
9.477889e-11 
9.453961e-11 
9.430150e-11 
9.406456e-11 
9.382878e-11 
9.359416e-11 
9.336067e-11 
9.312832e-11 
9.289709e-11 
9.266698e-11 
9.243798e-11 
9.221007e-11 
9.198326e-11 
9.175753e-11 
9.153288e-11 
9.130930e-11 
9.108677e-11 
9.086530e-11 
9.064487e-11 
9.042548e-11 
9.020712e-11 
8.998978e-11 
8.977345e-11 
8.955813e-11 
8.934381e-11 
8.913049e-11 
8.891815e-11 
8.870678e-11 
8.849639e-11 
8.828697e-11 
8.807850e-11 
8.787098e-11 
8.766441e-11 
8.745877e-11 
8.725406e-11 
8.705028e-11 
8.684742e-11 
8.664547e-11 
8.644443e-11 
8.624428e-11 
8.604503e-11 
8.584666e-11 
8.564918e-11 
8.545257e-11 
8.525683e-11 
8.506195e-11 
8.486793e-11 
8.467476e-11 
8.448243e-11 
8.429094e-11 
8.410029e-11 
8.391047e-11 
8.372147e-11 
8.353329e-11 
8.334591e-11 
8.315935e-11 
8.297359e-11 
8.278862e-11 
8.260444e-11 
8.242105e-11 
8.223844e-11 
8.205660e-11 
8.187554e-11 
8.169524e-11 
8.151571e-11 
8.133693e-11 
8.115890e-11 
8.098162e-11 
8.080508e-11 
8.062927e-11 
8.045419e-11 
8.027984e-11 
8.010621e-11 
7.993330e-11 
7.976110e-11 
7.958960e-11 
7.941881e-11 
7.924872e-11 
7.907932e-11 
7.891061e-11 
7.874259e-11 
7.857525e-11 
7.840858e-11 
7.824258e-11 
7.807726e-11 
7.791260e-11 
7.774859e-11 
7.758525e-11 
7.742255e-11 
7.726050e-11 
7.709910e-11 
7.693833e-11 
7.677820e-11 
7.661870e-11 
7.645983e-11 
7.630159e-11 
7.614396e-11 
7.598695e-11 
7.583055e-11 
7.567477e-11 
7.551958e-11 
7.536500e-11 
7.521102e-11 
7.505763e-11 
7.490483e-11 
7.475262e-11 
7.460099e-11 
7.444994e-11 
7.429947e-11 
7.414958e-11 
7.400025e-11 
7.385149e-11 
7.370329e-11 
7.355565e-11 
7.340857e-11 
7.326205e-11 
7.311607e-11 
7.297064e-11 
7.282575e-11 
7.268141e-11 
7.253760e-11 
7.239433e-11 
7.225159e-11 
7.210937e-11 
7.196769e-11 
7.182652e-11 
7.168587e-11 
7.154574e-11 
7.140613e-11 
7.126702e-11 
7.112842e-11 
7.099033e-11 
7.085274e-11 
7.071564e-11 
7.057905e-11 
7.044294e-11 
7.030733e-11 
7.017221e-11 
7.003757e-11 
6.990341e-11 
6.976973e-11 
6.963654e-11 
6.950381e-11 
6.937156e-11 
6.923977e-11 
6.910846e-11 
6.897761e-11 
6.884722e-11 
6.871728e-11 
6.858781e-11 
6.845879e-11 
6.833022e-11 
6.820210e-11 
6.807443e-11 
6.794720e-11 
6.782042e-11 
6.769407e-11 
6.756817e-11 
6.744269e-11 
6.731765e-11 
6.719304e-11 
6.706886e-11 
6.694511e-11 
6.682177e-11 
6.669886e-11 
6.657637e-11 
6.645430e-11 
6.633264e-11 
6.621139e-11 
6.609056e-11 
6.597013e-11 
6.585011e-11 
6.573049e-11 
6.561127e-11 
6.549246e-11 
6.537404e-11 
6.525602e-11 
6.513839e-11 
6.502115e-11 
6.490431e-11 
6.478785e-11 
6.467177e-11 
6.455608e-11 
6.444078e-11 
6.432585e-11 
6.421130e-11 
6.409713e-11 
6.398333e-11 
6.386990e-11 
6.375684e-11 
6.364416e-11 
6.353184e-11 
6.341988e-11 
6.330829e-11 
6.319706e-11 
6.308618e-11 
6.297567e-11 
6.286551e-11 
6.275571e-11 
6.264625e-11 
6.253715e-11 
6.242840e-11 
6.232000e-11 
6.221194e-11 
6.210422e-11 
6.199685e-11 
6.188982e-11 
6.178312e-11 
6.167677e-11 
6.157075e-11 
6.146506e-11 
6.135970e-11 
6.125468e-11 
6.114999e-11 
6.104562e-11 
6.094158e-11 
6.083786e-11 
6.073447e-11 
6.063140e-11 
6.052864e-11 
6.042621e-11 
6.032409e-11 
6.022229e-11 
6.012080e-11 
6.001963e-11 
5.991876e-11 
5.981821e-11 
5.971796e-11 
5.961802e-11 
5.951839e-11 
5.941906e-11 
5.932003e-11 
5.922130e-11 
5.912287e-11 
5.902474e-11 
5.892690e-11 
5.882937e-11 
5.873212e-11 
5.863517e-11 
5.853851e-11 
5.844214e-11 
5.834605e-11 
5.825026e-11 
5.815475e-11 
5.805953e-11 
5.796459e-11 
5.786993e-11 
5.777555e-11 
5.768145e-11 
5.758763e-11 
5.749409e-11 
5.740082e-11 
5.730783e-11 
5.721511e-11 
5.712267e-11 
5.703049e-11 
5.693858e-11 
5.684695e-11 
5.675558e-11 
5.666447e-11 
5.657363e-11 
5.648306e-11 
5.639274e-11 
5.630269e-11 
5.621289e-11 
5.612335e-11 
5.603407e-11 
5.594505e-11 
5.585629e-11 
5.576777e-11 
5.567952e-11 
5.559151e-11 
5.550376e-11 
5.541625e-11 
5.532900e-11 
5.524199e-11 
5.515523e-11 
5.506872e-11 
5.498245e-11 
5.489643e-11 
5.481065e-11 
5.472511e-11 
5.463981e-11 
5.455475e-11 
5.446994e-11 
5.438535e-11 
5.430101e-11 
5.421690e-11 
5.413303e-11 
5.404939e-11 
5.396598e-11 
5.388281e-11 
5.379987e-11 
5.371715e-11 
5.363467e-11 
5.355241e-11 
5.347039e-11 
5.338858e-11 
5.330701e-11 
5.322565e-11 
5.314452e-11 
5.306362e-11 
5.298293e-11 
5.290247e-11 
5.282222e-11 
5.274220e-11 
5.266239e-11 
5.258280e-11 
5.250343e-11 
5.242427e-11 
5.234533e-11 
5.226659e-11 
5.218808e-11 
5.210977e-11 
5.203168e-11 
5.195379e-11 
5.187612e-11 
5.179865e-11 
5.172139e-11 
5.164434e-11 
5.156749e-11 
5.149085e-11 
5.141442e-11 
5.133818e-11 
5.126215e-11 
5.118633e-11 
5.111070e-11 
5.103527e-11 
5.096004e-11 
5.088502e-11 
5.081019e-11 
5.073555e-11 
5.066112e-11 
5.058688e-11 
5.051283e-11 
5.043898e-11 
5.036532e-11 
5.029185e-11 
5.021858e-11 
5.014550e-11 
5.007260e-11 
4.999990e-11 
4.992739e-11 
4.985506e-11 
4.978292e-11 
4.971097e-11 
4.963920e-11 
4.956762e-11 
4.949623e-11 
4.942502e-11 
4.935399e-11 
4.928314e-11 
4.921248e-11 
4.914199e-11 
4.907169e-11 
4.900157e-11 
4.893162e-11 
4.886186e-11 
4.879227e-11 
4.872286e-11 
4.865362e-11 
4.858456e-11 
4.851568e-11 
4.844697e-11 
4.837843e-11 
4.831006e-11 
4.824187e-11 
4.817385e-11 
4.810601e-11 
4.803833e-11 
4.797082e-11 
4.790348e-11 
4.783631e-11 
4.776931e-11 
4.770247e-11 
4.763580e-11 
4.756930e-11 
4.750296e-11 
4.743679e-11 
4.737078e-11 
4.730494e-11 
4.723925e-11 
4.717374e-11 
4.710838e-11 
4.704318e-11 
4.697815e-11 
4.691327e-11 
4.684855e-11 
4.678400e-11 
4.671960e-11 
4.665536e-11 
4.659127e-11 
4.652735e-11 
4.646357e-11 
4.639996e-11 
4.633650e-11 
4.627319e-11 
4.621004e-11 
4.614704e-11 
4.608419e-11 
4.602149e-11 
4.595895e-11 
4.589656e-11 
4.583432e-11 
4.577222e-11 
4.571028e-11 
4.564849e-11 
4.558684e-11 
4.552535e-11 
4.546399e-11 
4.540279e-11 
4.534173e-11 
4.528082e-11 
4.522006e-11 
4.515943e-11 
4.509896e-11 
4.503862e-11 
4.497843e-11 
4.491839e-11 
4.485848e-11 
4.479872e-11 
4.473909e-11 
4.467961e-11 
4.462027e-11 
4.456107e-11 
4.450201e-11 
4.444308e-11 
4.438430e-11 
4.432565e-11 
4.426714e-11 
4.420876e-11 
4.415053e-11 
4.409242e-11 
4.403446e-11 
4.397663e-11 
4.391893e-11 
4.386137e-11 
4.380394e-11 
4.374664e-11 
4.368948e-11 
4.363245e-11 
4.357555e-11 
4.351878e-11 
4.346215e-11 
4.340564e-11 
4.334926e-11 
4.329302e-11 
4.323690e-11 
4.318091e-11 
4.312505e-11 
4.306931e-11 
4.301371e-11 
4.295823e-11 
4.290288e-11 
4.284765e-11 
4.279255e-11 
4.273757e-11 
4.268272e-11 
4.262800e-11 
4.257340e-11 
4.251892e-11 
4.246456e-11 
4.241033e-11 
4.235622e-11 
4.230224e-11 
4.224837e-11 
4.219463e-11 
4.214101e-11 
4.208750e-11 
4.203412e-11 
4.198086e-11 
4.192772e-11 
4.187469e-11 
4.182179e-11 
4.176900e-11 
4.171633e-11 
4.166377e-11 
4.161134e-11 
4.155901e-11 
4.150681e-11 
4.145472e-11 
4.140275e-11 
4.135089e-11 
4.129914e-11 
4.124751e-11 
4.119600e-11 
4.114460e-11 
4.109331e-11 
4.104213e-11 
4.099106e-11 
4.094011e-11 
4.088927e-11 
4.083854e-11 
4.078792e-11 
4.073741e-11 
4.068701e-11 
4.063672e-11 
4.058654e-11 
4.053647e-11 
4.048651e-11 
4.043665e-11 
4.038691e-11 
4.033727e-11 
4.028774e-11 
4.023832e-11 
4.018900e-11 
4.013979e-11 
4.009069e-11 
4.004169e-11 
3.999279e-11 
3.994400e-11 
3.989532e-11 
3.984674e-11 
3.979826e-11 
3.974989e-11 
3.970162e-11 
3.965346e-11 
3.960539e-11 
3.955743e-11 
3.950957e-11 
3.946182e-11 
3.941416e-11 
3.936661e-11 
3.931915e-11 
3.927180e-11 
3.922455e-11 
3.917739e-11 
3.913034e-11 
3.908339e-11 
3.903653e-11 
3.898977e-11 
3.894311e-11 
3.889655e-11 
3.885009e-11 
3.880372e-11 
3.875745e-11 
3.871128e-11 
3.866521e-11 
3.861923e-11 
3.857334e-11 
3.852756e-11 
3.848186e-11 
3.843627e-11 
3.839076e-11 
3.834535e-11 
3.830004e-11 
3.825482e-11 
3.820969e-11 
3.816466e-11 
3.811972e-11 
3.807487e-11 
3.803011e-11 
3.798545e-11 
3.794088e-11 
3.789640e-11 
3.785201e-11 
3.780771e-11 
3.776351e-11 
3.771939e-11 
3.767537e-11 
3.763143e-11 
3.758758e-11 
3.754383e-11 
3.750016e-11 
3.745658e-11 
3.741309e-11 
3.736969e-11 
3.732637e-11 
3.728315e-11 
3.724001e-11 
3.719696e-11 
3.715399e-11 
3.711112e-11 
3.706833e-11 
3.702562e-11 
3.698300e-11 
3.694047e-11 
3.689802e-11 
3.685566e-11 
3.681339e-11 
3.677119e-11 
3.672909e-11 
3.668706e-11 
3.664512e-11 
3.660327e-11 
3.656150e-11 
3.651981e-11 
3.647820e-11 
3.643668e-11 
3.639524e-11 
3.635388e-11 
3.631260e-11 
3.627141e-11 
3.623030e-11 
3.618927e-11 
3.614832e-11 
3.610745e-11 
3.606666e-11 
3.602595e-11 
3.598532e-11 
3.594477e-11 
3.590431e-11 
3.586392e-11 
3.582361e-11 
3.578338e-11 
3.574323e-11 
3.570315e-11 
3.566316e-11 
3.562324e-11 
3.558340e-11 
3.554364e-11 
3.550396e-11 
3.546435e-11 
3.542483e-11 
3.538537e-11 
3.534600e-11 
3.530670e-11 
3.526747e-11 
3.522833e-11 
3.518926e-11 
3.515026e-11 
3.511134e-11 
3.507249e-11 
3.503372e-11 
3.499503e-11 
3.495641e-11 
3.491786e-11 
3.487939e-11 
3.484099e-11 
3.480266e-11 
3.476441e-11 
3.472623e-11 
3.468812e-11 
3.465009e-11 
3.461213e-11 
3.457424e-11 
3.453643e-11 
3.449868e-11 
3.446101e-11 
3.442341e-11 
3.438588e-11 
3.434842e-11 
3.431103e-11 
3.427372e-11 
3.423647e-11 
3.419930e-11 
3.416219e-11 
3.412516e-11 
3.408819e-11 
3.405130e-11 
3.401447e-11 
3.397771e-11 
3.394103e-11 
3.390441e-11 
3.386786e-11 
3.383137e-11 
3.379496e-11 
3.375862e-11 
3.372234e-11 
3.368613e-11 
3.364999e-11 
3.361391e-11 
3.357791e-11 
3.354197e-11 
3.350609e-11 
3.347028e-11 
3.343454e-11 
3.339887e-11 
3.336326e-11 
3.332772e-11 
3.329224e-11 
3.325683e-11 
3.322149e-11 
3.318621e-11 
3.315099e-11 
3.311584e-11 
3.308076e-11 
3.304574e-11 
3.301078e-11 
3.297589e-11 
3.294106e-11 
3.290630e-11 
3.287160e-11 
3.283696e-11 
3.280239e-11 
3.276787e-11 
3.273343e-11 
3.269904e-11 
3.266472e-11 
3.263046e-11 
3.259626e-11 
3.256213e-11 
3.252806e-11 
3.249404e-11 
3.246009e-11 
3.242621e-11 
3.239238e-11 
3.235861e-11 
3.232491e-11 
3.229127e-11 
3.225768e-11 
3.222416e-11 
3.219070e-11 
3.215730e-11 
3.212396e-11 
3.209067e-11 
3.205745e-11 
3.202429e-11 
3.199119e-11 
3.195814e-11 
3.192516e-11 
3.189223e-11 
3.185937e-11 
3.182656e-11 
3.179381e-11 
3.176112e-11 
3.172849e-11 
3.169591e-11 
3.166339e-11 
3.163094e-11 
3.159853e-11 
3.156619e-11 
3.153390e-11 
3.150167e-11 
3.146950e-11 
3.143739e-11 
3.140533e-11 
3.137333e-11 
3.134138e-11 
3.130949e-11 
3.127766e-11 
3.124588e-11 
3.121416e-11 
3.118249e-11 
3.115088e-11 
3.111933e-11 
3.108783e-11 
3.105639e-11 
3.102500e-11 
3.099366e-11 
3.096238e-11 
3.093116e-11 
3.089999e-11 
3.086887e-11 
3.083781e-11 
3.080680e-11 
3.077585e-11 
3.074495e-11 
3.071410e-11 
3.068331e-11 
3.065257e-11 
3.062188e-11 
3.059125e-11 
3.056067e-11 
3.053014e-11 
3.049967e-11 
3.046925e-11 
3.043888e-11 
3.040856e-11 
3.037829e-11 
3.034808e-11 
3.031792e-11 
3.028781e-11 
3.025775e-11 
3.022775e-11 
3.019779e-11 
3.016789e-11 
3.013804e-11 
3.010824e-11 
3.007849e-11 
3.004879e-11 
3.001914e-11 
2.998954e-11 
2.995999e-11 
2.993049e-11 
2.990105e-11 
2.987165e-11 
2.984230e-11 
2.981300e-11 
2.978375e-11 
2.975456e-11 
2.972541e-11 
2.969631e-11 
2.966726e-11 
2.963825e-11 
2.960930e-11 
2.958040e-11 
2.955154e-11 
2.952274e-11 
2.949398e-11 
2.946527e-11 
2.943661e-11 
2.940799e-11 
2.937943e-11 
2.935091e-11 
2.932244e-11 
2.929402e-11 
2.926564e-11 
2.923732e-11 
2.920904e-11 
2.918080e-11 
2.915262e-11 
2.912448e-11 
2.909639e-11 
2.906834e-11 
2.904034e-11 
2.901239e-11 
2.898448e-11 
2.895663e-11 
2.892881e-11 
2.890104e-11 
2.887332e-11 
2.884565e-11 
2.881802e-11 
2.879043e-11 
2.876290e-11 
2.873540e-11 
2.870795e-11 
2.868055e-11 
2.865319e-11 
2.862588e-11 
2.859861e-11 
2.857139e-11 
2.854421e-11 
2.851708e-11 
2.848999e-11 
2.846294e-11 
2.843594e-11 
2.840899e-11 
2.838207e-11 
2.835520e-11 
2.832838e-11 
2.830160e-11 
2.827486e-11 
2.824817e-11 
2.822151e-11 
2.819491e-11 
2.816834e-11 
2.814182e-11 
2.811534e-11 
2.808891e-11 
2.806252e-11 
2.803617e-11 
2.800986e-11 
2.798359e-11 
2.795737e-11 
2.793119e-11 
2.790505e-11 
2.787896e-11 
2.785290e-11 
2.782689e-11 
2.780092e-11 
2.777499e-11 
2.774911e-11 
2.772326e-11 
2.769746e-11 
2.767169e-11 
2.764597e-11 
2.762029e-11 
2.759465e-11 
2.756906e-11 
2.754350e-11 
2.751798e-11 
2.749251e-11 
2.746707e-11 
2.744168e-11 
2.741632e-11 
2.739101e-11 
2.736573e-11 
2.734050e-11 
2.731531e-11 
2.729015e-11 
2.726504e-11 
2.723996e-11 
2.721493e-11 
2.718993e-11 
2.716498e-11 
2.714006e-11 
2.711518e-11 
2.709035e-11 
2.706555e-11 
2.704079e-11 
2.701607e-11 
2.699138e-11 
2.696674e-11 
2.694214e-11 
2.691757e-11 
2.689304e-11 
2.686855e-11 
2.684410e-11 
2.681969e-11 
2.679532e-11 
2.677098e-11 
2.674668e-11 
2.672242e-11 
2.669820e-11 
2.667401e-11 
2.664986e-11 
2.662575e-11 
2.660168e-11 
2.657765e-11 
2.655365e-11 
2.652969e-11 
2.650577e-11 
2.648188e-11 
2.645803e-11 
2.643422e-11 
2.641044e-11 
2.638670e-11 
2.636300e-11 
2.633933e-11 
2.631571e-11 
2.629211e-11 
2.626856e-11 
2.624504e-11 
2.622155e-11 
2.619810e-11 
2.617469e-11 
2.615131e-11 
2.612797e-11 
2.610467e-11 
2.608140e-11 
2.605817e-11 
2.603497e-11 
2.601181e-11 
2.598868e-11 
2.596559e-11 
2.594253e-11 
2.591951e-11 
2.589652e-11 
2.587357e-11 
2.585065e-11 
2.582777e-11 
2.580493e-11 
2.578211e-11 
2.575933e-11 
2.573659e-11 
2.571388e-11 
2.569121e-11 
2.566857e-11 
2.564596e-11 
2.562339e-11 
2.560085e-11 
2.557835e-11 
2.555588e-11 
2.553344e-11 
2.551104e-11 
2.548867e-11 
2.546634e-11 
2.544404e-11 
2.542177e-11 
2.539953e-11 
2.537733e-11 
2.535516e-11 
2.533303e-11 
2.531093e-11 
2.528886e-11 
2.526682e-11 
2.524482e-11 
2.522285e-11 
2.520091e-11 
2.517901e-11 
2.515714e-11 
