#F spectrum.dat

#S 1 Wiggler spectrum
#N 3
#L PhotonEnergy[eV]  Flux[phot/s/0.1%bw]  PowerDensity[W/eV]
 1.176000000000e+04   9.927911594969e+13   1.590626798188e-02  
 1.176096192385e+04   9.926955102992e+13   1.590473551278e-02  
 1.176192384770e+04   9.925998695887e+13   1.590320317967e-02  
 1.176288577154e+04   9.925042415266e+13   1.590167104920e-02  
 1.176384769539e+04   9.924086261103e+13   1.590013912134e-02  
 1.176480961924e+04   9.923130233370e+13   1.589860739604e-02  
 1.176577154309e+04   9.922174332040e+13   1.589707587327e-02  
 1.176673346693e+04   9.921218557089e+13   1.589554455298e-02  
 1.176769539078e+04   9.920262908489e+13   1.589401343512e-02  
 1.176865731463e+04   9.919307386214e+13   1.589248251966e-02  
 1.176961923848e+04   9.918351990236e+13   1.589095180654e-02  
 1.177058116232e+04   9.917396720532e+13   1.588942129574e-02  
 1.177154308617e+04   9.916441577073e+13   1.588789098721e-02  
 1.177250501002e+04   9.915486559832e+13   1.588636088090e-02  
 1.177346693387e+04   9.914531668785e+13   1.588483097678e-02  
 1.177442885772e+04   9.913576903904e+13   1.588330127480e-02  
 1.177539078156e+04   9.912622265163e+13   1.588177177491e-02  
 1.177635270541e+04   9.911667752536e+13   1.588024247708e-02  
 1.177731462926e+04   9.910713365996e+13   1.587871338127e-02  
 1.177827655311e+04   9.909759105518e+13   1.587718448743e-02  
 1.177923847695e+04   9.908804971074e+13   1.587565579552e-02  
 1.178020040080e+04   9.907850962639e+13   1.587412730549e-02  
 1.178116232465e+04   9.906897080185e+13   1.587259901731e-02  
 1.178212424850e+04   9.905943323687e+13   1.587107093094e-02  
 1.178308617234e+04   9.904989693119e+13   1.586954304633e-02  
 1.178404809619e+04   9.904036188453e+13   1.586801536343e-02  
 1.178501002004e+04   9.903082809665e+13   1.586648788221e-02  
 1.178597194389e+04   9.902129556727e+13   1.586496060263e-02  
 1.178693386774e+04   9.901176429614e+13   1.586343352464e-02  
 1.178789579158e+04   9.900223428298e+13   1.586190664820e-02  
 1.178885771543e+04   9.899270552755e+13   1.586037997327e-02  
 1.178981963928e+04   9.898317802956e+13   1.585885349980e-02  
 1.179078156313e+04   9.897365178877e+13   1.585732722776e-02  
 1.179174348697e+04   9.896412680491e+13   1.585580115710e-02  
 1.179270541082e+04   9.895460307771e+13   1.585427528779e-02  
 1.179366733467e+04   9.894508060693e+13   1.585274961977e-02  
 1.179462925852e+04   9.893555939228e+13   1.585122415300e-02  
 1.179559118236e+04   9.892603943352e+13   1.584969888745e-02  
 1.179655310621e+04   9.891652073037e+13   1.584817382308e-02  
 1.179751503006e+04   9.890700328259e+13   1.584664895983e-02  
 1.179847695391e+04   9.889748708990e+13   1.584512429767e-02  
 1.179943887776e+04   9.888797215204e+13   1.584359983656e-02  
 1.180040080160e+04   9.887845846875e+13   1.584207557646e-02  
 1.180136272545e+04   9.886894603978e+13   1.584055151731e-02  
 1.180232464930e+04   9.885943486485e+13   1.583902765909e-02  
 1.180328657315e+04   9.884992494371e+13   1.583750400175e-02  
 1.180424849699e+04   9.884041627610e+13   1.583598054524e-02  
 1.180521042084e+04   9.883090886176e+13   1.583445728953e-02  
 1.180617234469e+04   9.882140270041e+13   1.583293423457e-02  
 1.180713426854e+04   9.881189779181e+13   1.583141138032e-02  
 1.180809619238e+04   9.880239413569e+13   1.582988872675e-02  
 1.180905811623e+04   9.879289173179e+13   1.582836627380e-02  
 1.181002004008e+04   9.878339057985e+13   1.582684402143e-02  
 1.181098196393e+04   9.877389067961e+13   1.582532196961e-02  
 1.181194388778e+04   9.876439203080e+13   1.582380011830e-02  
 1.181290581162e+04   9.875489463317e+13   1.582227846744e-02  
 1.181386773547e+04   9.874539848646e+13   1.582075701700e-02  
 1.181482965932e+04   9.873590359040e+13   1.581923576694e-02  
 1.181579158317e+04   9.872640994474e+13   1.581771471722e-02  
 1.181675350701e+04   9.871691754922e+13   1.581619386779e-02  
 1.181771543086e+04   9.870742640357e+13   1.581467321861e-02  
 1.181867735471e+04   9.869793650753e+13   1.581315276964e-02  
 1.181963927856e+04   9.868844786085e+13   1.581163252084e-02  
 1.182060120240e+04   9.867896046326e+13   1.581011247216e-02  
 1.182156312625e+04   9.866947431451e+13   1.580859262358e-02  
 1.182252505010e+04   9.865998941433e+13   1.580707297503e-02  
 1.182348697395e+04   9.865050576246e+13   1.580555352649e-02  
 1.182444889780e+04   9.864102335865e+13   1.580403427791e-02  
 1.182541082164e+04   9.863154220263e+13   1.580251522924e-02  
 1.182637274549e+04   9.862206229415e+13   1.580099638046e-02  
 1.182733466934e+04   9.861258363295e+13   1.579947773151e-02  
 1.182829659319e+04   9.860310621876e+13   1.579795928235e-02  
 1.182925851703e+04   9.859363005132e+13   1.579644103295e-02  
 1.183022044088e+04   9.858415513039e+13   1.579492298325e-02  
 1.183118236473e+04   9.857468145569e+13   1.579340513323e-02  
 1.183214428858e+04   9.856520902697e+13   1.579188748283e-02  
 1.183310621242e+04   9.855573784398e+13   1.579037003202e-02  
 1.183406813627e+04   9.854626790643e+13   1.578885278076e-02  
 1.183503006012e+04   9.853679921410e+13   1.578733572900e-02  
 1.183599198397e+04   9.852733176671e+13   1.578581887670e-02  
 1.183695390782e+04   9.851786556400e+13   1.578430222382e-02  
 1.183791583166e+04   9.850840060571e+13   1.578278577032e-02  
 1.183887775551e+04   9.849893689159e+13   1.578126951615e-02  
 1.183983967936e+04   9.848947442138e+13   1.577975346129e-02  
 1.184080160321e+04   9.848001319483e+13   1.577823760568e-02  
 1.184176352705e+04   9.847055321166e+13   1.577672194928e-02  
 1.184272545090e+04   9.846109447162e+13   1.577520649205e-02  
 1.184368737475e+04   9.845163697446e+13   1.577369123395e-02  
 1.184464929860e+04   9.844218071992e+13   1.577217617495e-02  
 1.184561122244e+04   9.843272570773e+13   1.577066131499e-02  
 1.184657314629e+04   9.842327193764e+13   1.576914665403e-02  
 1.184753507014e+04   9.841381940939e+13   1.576763219204e-02  
 1.184849699399e+04   9.840436812273e+13   1.576611792898e-02  
 1.184945891784e+04   9.839491807740e+13   1.576460386480e-02  
 1.185042084168e+04   9.838546927313e+13   1.576308999945e-02  
 1.185138276553e+04   9.837602170968e+13   1.576157633291e-02  
 1.185234468938e+04   9.836657538678e+13   1.576006286513e-02  
 1.185330661323e+04   9.835713030417e+13   1.575854959606e-02  
 1.185426853707e+04   9.834768646161e+13   1.575703652567e-02  
 1.185523046092e+04   9.833824385881e+13   1.575552365392e-02  
 1.185619238477e+04   9.832880249556e+13   1.575401098076e-02  
 1.185715430862e+04   9.831936237156e+13   1.575249850615e-02  
 1.185811623246e+04   9.830992348657e+13   1.575098623005e-02  
 1.185907815631e+04   9.830048584033e+13   1.574947415242e-02  
 1.186004008016e+04   9.829104943260e+13   1.574796227322e-02  
 1.186100200401e+04   9.828161426309e+13   1.574645059241e-02  
 1.186196392786e+04   9.827218033157e+13   1.574493910995e-02  
 1.186292585170e+04   9.826274763777e+13   1.574342782579e-02  
 1.186388777555e+04   9.825331618145e+13   1.574191673989e-02  
 1.186484969940e+04   9.824388596232e+13   1.574040585222e-02  
 1.186581162325e+04   9.823445698016e+13   1.573889516273e-02  
 1.186677354709e+04   9.822502923469e+13   1.573738467138e-02  
 1.186773547094e+04   9.821560272567e+13   1.573587437813e-02  
 1.186869739479e+04   9.820617745283e+13   1.573436428294e-02  
 1.186965931864e+04   9.819675341593e+13   1.573285438577e-02  
 1.187062124248e+04   9.818733061468e+13   1.573134468657e-02  
 1.187158316633e+04   9.817790904887e+13   1.572983518531e-02  
 1.187254509018e+04   9.816848871821e+13   1.572832588194e-02  
 1.187350701403e+04   9.815906962246e+13   1.572681677643e-02  
 1.187446893788e+04   9.814965176135e+13   1.572530786873e-02  
 1.187543086172e+04   9.814023513464e+13   1.572379915880e-02  
 1.187639278557e+04   9.813081974206e+13   1.572229064660e-02  
 1.187735470942e+04   9.812140558337e+13   1.572078233209e-02  
 1.187831663327e+04   9.811199265830e+13   1.571927421523e-02  
 1.187927855711e+04   9.810258096660e+13   1.571776629598e-02  
 1.188024048096e+04   9.809317050802e+13   1.571625857429e-02  
 1.188120240481e+04   9.808376128230e+13   1.571475105013e-02  
 1.188216432866e+04   9.807435328918e+13   1.571324372346e-02  
 1.188312625251e+04   9.806494652841e+13   1.571173659423e-02  
 1.188408817635e+04   9.805554099974e+13   1.571022966240e-02  
 1.188505010020e+04   9.804613670290e+13   1.570872292794e-02  
 1.188601202405e+04   9.803673363765e+13   1.570721639079e-02  
 1.188697394790e+04   9.802733180373e+13   1.570571005093e-02  
 1.188793587174e+04   9.801793120088e+13   1.570420390831e-02  
 1.188889779559e+04   9.800853225007e+13   1.570269803037e-02  
 1.188985971944e+04   9.799913410882e+13   1.570119228214e-02  
 1.189082164329e+04   9.798973719789e+13   1.569968673103e-02  
 1.189178356713e+04   9.798034151701e+13   1.569818137699e-02  
 1.189274549098e+04   9.797094706593e+13   1.569667621999e-02  
 1.189370741483e+04   9.796155384439e+13   1.569517125998e-02  
 1.189466933868e+04   9.795216185215e+13   1.569366649693e-02  
 1.189563126253e+04   9.794277108895e+13   1.569216193079e-02  
 1.189659318637e+04   9.793338155453e+13   1.569065756153e-02  
 1.189755511022e+04   9.792399324864e+13   1.568915338909e-02  
 1.189851703407e+04   9.791460617102e+13   1.568764941345e-02  
 1.189947895792e+04   9.790522032143e+13   1.568614563456e-02  
 1.190044088176e+04   9.789583569961e+13   1.568464205238e-02  
 1.190140280561e+04   9.788645230530e+13   1.568313866687e-02  
 1.190236472946e+04   9.787707013825e+13   1.568163547799e-02  
 1.190332665331e+04   9.786768919821e+13   1.568013248569e-02  
 1.190428857715e+04   9.785830948491e+13   1.567862968995e-02  
 1.190525050100e+04   9.784893099812e+13   1.567712709071e-02  
 1.190621242485e+04   9.783955373758e+13   1.567562468793e-02  
 1.190717434870e+04   9.783017770303e+13   1.567412248159e-02  
 1.190813627255e+04   9.782080289421e+13   1.567262047162e-02  
 1.190909819639e+04   9.781142931088e+13   1.567111865800e-02  
 1.191006012024e+04   9.780205695278e+13   1.566961704069e-02  
 1.191102204409e+04   9.779268581968e+13   1.566811561964e-02  
 1.191198396794e+04   9.778331591129e+13   1.566661439481e-02  
 1.191294589178e+04   9.777394722737e+13   1.566511336616e-02  
 1.191390781563e+04   9.776457976768e+13   1.566361253366e-02  
 1.191486973948e+04   9.775521353195e+13   1.566211189726e-02  
 1.191583166333e+04   9.774584851995e+13   1.566061145692e-02  
 1.191679358717e+04   9.773648473140e+13   1.565911121259e-02  
 1.191775551102e+04   9.772712216606e+13   1.565761116425e-02  
 1.191871743487e+04   9.771776082368e+13   1.565611131185e-02  
 1.191967935872e+04   9.770840070401e+13   1.565461165535e-02  
 1.192064128257e+04   9.769904180678e+13   1.565311219470e-02  
 1.192160320641e+04   9.768968413177e+13   1.565161292988e-02  
 1.192256513026e+04   9.768032767869e+13   1.565011386083e-02  
 1.192352705411e+04   9.767097244733e+13   1.564861498752e-02  
 1.192448897796e+04   9.766161843739e+13   1.564711630990e-02  
 1.192545090180e+04   9.765226564865e+13   1.564561782794e-02  
 1.192641282565e+04   9.764291408085e+13   1.564411954160e-02  
 1.192737474950e+04   9.763356373374e+13   1.564262145083e-02  
 1.192833667335e+04   9.762421460707e+13   1.564112355560e-02  
 1.192929859719e+04   9.761486670058e+13   1.563962585587e-02  
 1.193026052104e+04   9.760552001402e+13   1.563812835159e-02  
 1.193122244489e+04   9.759617454715e+13   1.563663104272e-02  
 1.193218436874e+04   9.758683029971e+13   1.563513392923e-02  
 1.193314629259e+04   9.757748727144e+13   1.563363701107e-02  
 1.193410821643e+04   9.756814546211e+13   1.563214028821e-02  
 1.193507014028e+04   9.755880487145e+13   1.563064376060e-02  
 1.193603206413e+04   9.754946549921e+13   1.562914742820e-02  
 1.193699398798e+04   9.754012734515e+13   1.562765129098e-02  
 1.193795591182e+04   9.753079040902e+13   1.562615534889e-02  
 1.193891783567e+04   9.752145469055e+13   1.562465960189e-02  
 1.193987975952e+04   9.751212018951e+13   1.562316404994e-02  
 1.194084168337e+04   9.750278690563e+13   1.562166869301e-02  
 1.194180360721e+04   9.749345483867e+13   1.562017353105e-02  
 1.194276553106e+04   9.748412398839e+13   1.561867856402e-02  
 1.194372745491e+04   9.747479435453e+13   1.561718379188e-02  
 1.194468937876e+04   9.746546593683e+13   1.561568921459e-02  
 1.194565130261e+04   9.745613873504e+13   1.561419483212e-02  
 1.194661322645e+04   9.744681274892e+13   1.561270064441e-02  
 1.194757515030e+04   9.743748797823e+13   1.561120665144e-02  
 1.194853707415e+04   9.742816442269e+13   1.560971285315e-02  
 1.194949899800e+04   9.741884208208e+13   1.560821924952e-02  
 1.195046092184e+04   9.740952095613e+13   1.560672584050e-02  
 1.195142284569e+04   9.740020104460e+13   1.560523262606e-02  
 1.195238476954e+04   9.739088234723e+13   1.560373960614e-02  
 1.195334669339e+04   9.738156486377e+13   1.560224678071e-02  
 1.195430861723e+04   9.737224859399e+13   1.560075414973e-02  
 1.195527054108e+04   9.736293396113e+13   1.559926178102e-02  
 1.195623246493e+04   9.735362011814e+13   1.559776953886e-02  
 1.195719438878e+04   9.734430748808e+13   1.559627749103e-02  
 1.195815631263e+04   9.733499607068e+13   1.559478563749e-02  
 1.195911823647e+04   9.732568586570e+13   1.559329397820e-02  
 1.196008016032e+04   9.731637687289e+13   1.559180251313e-02  
 1.196104208417e+04   9.730706909201e+13   1.559031124222e-02  
 1.196200400802e+04   9.729776252278e+13   1.558882016545e-02  
 1.196296593186e+04   9.728845716498e+13   1.558732928276e-02  
 1.196392785571e+04   9.727915301836e+13   1.558583859413e-02  
 1.196488977956e+04   9.726985008265e+13   1.558434809951e-02  
 1.196585170341e+04   9.726054835762e+13   1.558285779886e-02  
 1.196681362725e+04   9.725124784302e+13   1.558136769214e-02  
 1.196777555110e+04   9.724194853860e+13   1.557987777932e-02  
 1.196873747495e+04   9.723265044410e+13   1.557838806034e-02  
 1.196969939880e+04   9.722335355927e+13   1.557689853518e-02  
 1.197066132265e+04   9.721405788389e+13   1.557540920379e-02  
 1.197162324649e+04   9.720476341769e+13   1.557392006613e-02  
 1.197258517034e+04   9.719547016041e+13   1.557243112217e-02  
 1.197354709419e+04   9.718617811183e+13   1.557094237185e-02  
 1.197450901804e+04   9.717688727168e+13   1.556945381515e-02  
 1.197547094188e+04   9.716759763972e+13   1.556796545203e-02  
 1.197643286573e+04   9.715830921570e+13   1.556647728243e-02  
 1.197739478958e+04   9.714902199937e+13   1.556498930633e-02  
 1.197835671343e+04   9.713973599049e+13   1.556350152369e-02  
 1.197931863727e+04   9.713045118881e+13   1.556201393446e-02  
 1.198028056112e+04   9.712116759407e+13   1.556052653860e-02  
 1.198124248497e+04   9.711188520603e+13   1.555903933608e-02  
 1.198220440882e+04   9.710260402445e+13   1.555755232685e-02  
 1.198316633267e+04   9.709332404908e+13   1.555606551088e-02  
 1.198412825651e+04   9.708404527965e+13   1.555457888813e-02  
 1.198509018036e+04   9.707476771595e+13   1.555309245855e-02  
 1.198605210421e+04   9.706549135770e+13   1.555160622210e-02  
 1.198701402806e+04   9.705621620468e+13   1.555012017876e-02  
 1.198797595190e+04   9.704694225662e+13   1.554863432847e-02  
 1.198893787575e+04   9.703766951328e+13   1.554714867120e-02  
 1.198989979960e+04   9.702839797441e+13   1.554566320690e-02  
 1.199086172345e+04   9.701912763977e+13   1.554417793555e-02  
 1.199182364729e+04   9.700985850912e+13   1.554269285710e-02  
 1.199278557114e+04   9.700059058219e+13   1.554120797150e-02  
 1.199374749499e+04   9.699132385875e+13   1.553972327872e-02  
 1.199470941884e+04   9.698205833855e+13   1.553823877873e-02  
 1.199567134269e+04   9.697279402135e+13   1.553675447147e-02  
 1.199663326653e+04   9.696353090689e+13   1.553527035691e-02  
 1.199759519038e+04   9.695426899493e+13   1.553378643502e-02  
 1.199855711423e+04   9.694500828522e+13   1.553230270575e-02  
 1.199951903808e+04   9.693574877752e+13   1.553081916906e-02  
 1.200048096192e+04   9.692649047158e+13   1.552933582492e-02  
 1.200144288577e+04   9.691723336715e+13   1.552785267328e-02  
 1.200240480962e+04   9.690797746399e+13   1.552636971410e-02  
 1.200336673347e+04   9.689872276186e+13   1.552488694735e-02  
 1.200432865731e+04   9.688946926049e+13   1.552340437298e-02  
 1.200529058116e+04   9.688021695966e+13   1.552192199096e-02  
 1.200625250501e+04   9.687096585911e+13   1.552043980125e-02  
 1.200721442886e+04   9.686171595860e+13   1.551895780380e-02  
 1.200817635271e+04   9.685246725788e+13   1.551747599858e-02  
 1.200913827655e+04   9.684321975670e+13   1.551599438555e-02  
 1.201010020040e+04   9.683397345483e+13   1.551451296467e-02  
 1.201106212425e+04   9.682472835201e+13   1.551303173590e-02  
 1.201202404810e+04   9.681548444801e+13   1.551155069920e-02  
 1.201298597194e+04   9.680624174256e+13   1.551006985453e-02  
 1.201394789579e+04   9.679700023543e+13   1.550858920185e-02  
 1.201490981964e+04   9.678775992638e+13   1.550710874112e-02  
 1.201587174349e+04   9.677852081515e+13   1.550562847231e-02  
 1.201683366733e+04   9.676928290151e+13   1.550414839537e-02  
 1.201779559118e+04   9.676004618520e+13   1.550266851027e-02  
 1.201875751503e+04   9.675081066599e+13   1.550118881696e-02  
 1.201971943888e+04   9.674157634363e+13   1.549970931541e-02  
 1.202068136273e+04   9.673234321786e+13   1.549823000557e-02  
 1.202164328657e+04   9.672311128846e+13   1.549675088742e-02  
 1.202260521042e+04   9.671388055517e+13   1.549527196090e-02  
 1.202356713427e+04   9.670465101775e+13   1.549379322598e-02  
 1.202452905812e+04   9.669542267595e+13   1.549231468262e-02  
 1.202549098196e+04   9.668619552954e+13   1.549083633078e-02  
 1.202645290581e+04   9.667696957825e+13   1.548935817042e-02  
 1.202741482966e+04   9.666774482186e+13   1.548788020151e-02  
 1.202837675351e+04   9.665852126012e+13   1.548640242399e-02  
 1.202933867735e+04   9.664929889277e+13   1.548492483785e-02  
 1.203030060120e+04   9.664007771958e+13   1.548344744303e-02  
 1.203126252505e+04   9.663085774031e+13   1.548197023949e-02  
 1.203222444890e+04   9.662163895471e+13   1.548049322720e-02  
 1.203318637275e+04   9.661242136254e+13   1.547901640612e-02  
 1.203414829659e+04   9.660320496354e+13   1.547753977621e-02  
 1.203511022044e+04   9.659398975749e+13   1.547606333743e-02  
 1.203607214429e+04   9.658477574412e+13   1.547458708974e-02  
 1.203703406814e+04   9.657556292321e+13   1.547311103310e-02  
 1.203799599198e+04   9.656635129451e+13   1.547163516747e-02  
 1.203895791583e+04   9.655714085777e+13   1.547015949282e-02  
 1.203991983968e+04   9.654793161275e+13   1.546868400910e-02  
 1.204088176353e+04   9.653872355921e+13   1.546720871627e-02  
 1.204184368737e+04   9.652951669690e+13   1.546573361431e-02  
 1.204280561122e+04   9.652031102558e+13   1.546425870316e-02  
 1.204376753507e+04   9.651110654501e+13   1.546278398279e-02  
 1.204472945892e+04   9.650190325494e+13   1.546130945316e-02  
 1.204569138277e+04   9.649270115513e+13   1.545983511423e-02  
 1.204665330661e+04   9.648350024534e+13   1.545836096596e-02  
 1.204761523046e+04   9.647430052533e+13   1.545688700832e-02  
 1.204857715431e+04   9.646510199485e+13   1.545541324126e-02  
 1.204953907816e+04   9.645590465365e+13   1.545393966474e-02  
 1.205050100200e+04   9.644670850150e+13   1.545246627873e-02  
 1.205146292585e+04   9.643751353816e+13   1.545099308319e-02  
 1.205242484970e+04   9.642831976338e+13   1.544952007808e-02  
 1.205338677355e+04   9.641912717692e+13   1.544804726335e-02  
 1.205434869739e+04   9.640993577853e+13   1.544657463898e-02  
 1.205531062124e+04   9.640074556798e+13   1.544510220492e-02  
 1.205627254509e+04   9.639155654501e+13   1.544362996113e-02  
 1.205723446894e+04   9.638236870941e+13   1.544215790758e-02  
 1.205819639279e+04   9.637318206091e+13   1.544068604422e-02  
 1.205915831663e+04   9.636399659927e+13   1.543921437102e-02  
 1.206012024048e+04   9.635481232425e+13   1.543774288794e-02  
 1.206108216433e+04   9.634562923562e+13   1.543627159493e-02  
 1.206204408818e+04   9.633644733313e+13   1.543480049197e-02  
 1.206300601202e+04   9.632726661653e+13   1.543332957901e-02  
 1.206396793587e+04   9.631808708560e+13   1.543185885601e-02  
 1.206492985972e+04   9.630890874007e+13   1.543038832294e-02  
 1.206589178357e+04   9.629973157972e+13   1.542891797975e-02  
 1.206685370741e+04   9.629055560430e+13   1.542744782641e-02  
 1.206781563126e+04   9.628138081358e+13   1.542597786288e-02  
 1.206877755511e+04   9.627220720729e+13   1.542450808911e-02  
 1.206973947896e+04   9.626303478522e+13   1.542303850508e-02  
 1.207070140281e+04   9.625386354711e+13   1.542156911074e-02  
 1.207166332665e+04   9.624469349273e+13   1.542009990605e-02  
 1.207262525050e+04   9.623552462183e+13   1.541863089098e-02  
 1.207358717435e+04   9.622635693417e+13   1.541716206549e-02  
 1.207454909820e+04   9.621719042952e+13   1.541569342953e-02  
 1.207551102204e+04   9.620802510762e+13   1.541422498307e-02  
 1.207647294589e+04   9.619886096825e+13   1.541275672607e-02  
 1.207743486974e+04   9.618969801116e+13   1.541128865850e-02  
 1.207839679359e+04   9.618053623610e+13   1.540982078031e-02  
 1.207935871743e+04   9.617137564285e+13   1.540835309146e-02  
 1.208032064128e+04   9.616221623115e+13   1.540688559192e-02  
 1.208128256513e+04   9.615305800077e+13   1.540541828165e-02  
 1.208224448898e+04   9.614390095146e+13   1.540395116060e-02  
 1.208320641283e+04   9.613474508298e+13   1.540248422875e-02  
 1.208416833667e+04   9.612559039512e+13   1.540101748605e-02  
 1.208513026052e+04   9.611643688760e+13   1.539955093246e-02  
 1.208609218437e+04   9.610728456020e+13   1.539808456795e-02  
 1.208705410822e+04   9.609813341267e+13   1.539661839248e-02  
 1.208801603206e+04   9.608898344478e+13   1.539515240600e-02  
 1.208897795591e+04   9.607983465629e+13   1.539368660849e-02  
 1.208993987976e+04   9.607068704695e+13   1.539222099990e-02  
 1.209090180361e+04   9.606154061653e+13   1.539075558018e-02  
 1.209186372745e+04   9.605239536479e+13   1.538929034932e-02  
 1.209282565130e+04   9.604325129147e+13   1.538782530726e-02  
 1.209378757515e+04   9.603410839636e+13   1.538636045397e-02  
 1.209474949900e+04   9.602496710775e+13   1.538489585807e-02  
 1.209571142285e+04   9.601582656853e+13   1.538343138223e-02  
 1.209667334669e+04   9.600668720679e+13   1.538196709505e-02  
 1.209763527054e+04   9.599754902230e+13   1.538050299648e-02  
 1.209859719439e+04   9.598841201480e+13   1.537903908649e-02  
 1.209955911824e+04   9.597927618407e+13   1.537757536503e-02  
 1.210052104208e+04   9.597014152985e+13   1.537611183208e-02  
 1.210148296593e+04   9.596100805192e+13   1.537464848759e-02  
 1.210244488978e+04   9.595187575003e+13   1.537318533152e-02  
 1.210340681363e+04   9.594274462395e+13   1.537172236383e-02  
 1.210436873747e+04   9.593361467343e+13   1.537025958449e-02  
 1.210533066132e+04   9.592448589825e+13   1.536879699346e-02  
 1.210629258517e+04   9.591535829815e+13   1.536733459070e-02  
 1.210725450902e+04   9.590623187290e+13   1.536587237618e-02  
 1.210821643287e+04   9.589710662227e+13   1.536441034984e-02  
 1.210917835671e+04   9.588798254601e+13   1.536294851166e-02  
 1.211014028056e+04   9.587885964388e+13   1.536148686160e-02  
 1.211110220441e+04   9.586973791565e+13   1.536002539962e-02  
 1.211206412826e+04   9.586061736108e+13   1.535856412567e-02  
 1.211302605210e+04   9.585149797993e+13   1.535710303973e-02  
 1.211398797595e+04   9.584237977197e+13   1.535564214176e-02  
 1.211494989980e+04   9.583326273694e+13   1.535418143171e-02  
 1.211591182365e+04   9.582414687462e+13   1.535272090955e-02  
 1.211687374749e+04   9.581503218477e+13   1.535126057524e-02  
 1.211783567134e+04   9.580591866715e+13   1.534980042874e-02  
 1.211879759519e+04   9.579680632153e+13   1.534834047002e-02  
 1.211975951904e+04   9.578769514765e+13   1.534688069903e-02  
 1.212072144289e+04   9.577858514530e+13   1.534542111574e-02  
 1.212168336673e+04   9.576947631422e+13   1.534396172011e-02  
 1.212264529058e+04   9.576036865419e+13   1.534250251210e-02  
 1.212360721443e+04   9.575126216496e+13   1.534104349167e-02  
 1.212456913828e+04   9.574215684630e+13   1.533958465879e-02  
 1.212553106212e+04   9.573305269796e+13   1.533812601342e-02  
 1.212649298597e+04   9.572394971972e+13   1.533666755551e-02  
 1.212745490982e+04   9.571484791134e+13   1.533520928504e-02  
 1.212841683367e+04   9.570574727257e+13   1.533375120196e-02  
 1.212937875752e+04   9.569664780319e+13   1.533229330624e-02  
 1.213034068136e+04   9.568754950295e+13   1.533083559783e-02  
 1.213130260521e+04   9.567845237162e+13   1.532937807671e-02  
 1.213226452906e+04   9.566935640896e+13   1.532792074283e-02  
 1.213322645291e+04   9.566026161473e+13   1.532646359615e-02  
 1.213418837675e+04   9.565116798870e+13   1.532500663663e-02  
 1.213515030060e+04   9.564207553063e+13   1.532354986424e-02  
 1.213611222445e+04   9.563298424029e+13   1.532209327895e-02  
 1.213707414830e+04   9.562389411743e+13   1.532063688070e-02  
 1.213803607214e+04   9.561480516182e+13   1.531918066947e-02  
 1.213899799599e+04   9.560571737323e+13   1.531772464522e-02  
 1.213995991984e+04   9.559663075142e+13   1.531626880790e-02  
 1.214092184369e+04   9.558754529615e+13   1.531481315749e-02  
 1.214188376754e+04   9.557846100718e+13   1.531335769394e-02  
 1.214284569138e+04   9.556937788428e+13   1.531190241721e-02  
 1.214380761523e+04   9.556029592723e+13   1.531044732727e-02  
 1.214476953908e+04   9.555121513576e+13   1.530899242408e-02  
 1.214573146293e+04   9.554213550966e+13   1.530753770760e-02  
 1.214669338677e+04   9.553305704868e+13   1.530608317780e-02  
 1.214765531062e+04   9.552397975260e+13   1.530462883463e-02  
 1.214861723447e+04   9.551490362117e+13   1.530317467806e-02  
 1.214957915832e+04   9.550582865416e+13   1.530172070805e-02  
 1.215054108216e+04   9.549675485133e+13   1.530026692456e-02  
 1.215150300601e+04   9.548768221245e+13   1.529881332756e-02  
 1.215246492986e+04   9.547861073729e+13   1.529735991701e-02  
 1.215342685371e+04   9.546954042560e+13   1.529590669286e-02  
 1.215438877756e+04   9.546047127715e+13   1.529445365509e-02  
 1.215535070140e+04   9.545140329171e+13   1.529300080365e-02  
 1.215631262525e+04   9.544233646904e+13   1.529154813851e-02  
 1.215727454910e+04   9.543327080891e+13   1.529009565962e-02  
 1.215823647295e+04   9.542420631109e+13   1.528864336696e-02  
 1.215919839679e+04   9.541514297532e+13   1.528719126048e-02  
 1.216016032064e+04   9.540608080139e+13   1.528573934015e-02  
 1.216112224449e+04   9.539701978906e+13   1.528428760593e-02  
 1.216208416834e+04   9.538795993809e+13   1.528283605777e-02  
 1.216304609218e+04   9.537890124825e+13   1.528138469565e-02  
 1.216400801603e+04   9.536984371929e+13   1.527993351953e-02  
 1.216496993988e+04   9.536078735100e+13   1.527848252936e-02  
 1.216593186373e+04   9.535173214313e+13   1.527703172512e-02  
 1.216689378758e+04   9.534267809546e+13   1.527558110675e-02  
 1.216785571142e+04   9.533362520773e+13   1.527413067423e-02  
 1.216881763527e+04   9.532457347973e+13   1.527268042752e-02  
 1.216977955912e+04   9.531552291122e+13   1.527123036659e-02  
 1.217074148297e+04   9.530647350196e+13   1.526978049138e-02  
 1.217170340681e+04   9.529742525171e+13   1.526833080187e-02  
 1.217266533066e+04   9.528837816026e+13   1.526688129801e-02  
 1.217362725451e+04   9.527933222735e+13   1.526543197978e-02  
 1.217458917836e+04   9.527028745276e+13   1.526398284713e-02  
 1.217555110220e+04   9.526124383626e+13   1.526253390002e-02  
 1.217651302605e+04   9.525220137760e+13   1.526108513842e-02  
 1.217747494990e+04   9.524316007656e+13   1.525963656230e-02  
 1.217843687375e+04   9.523411993290e+13   1.525818817160e-02  
 1.217939879760e+04   9.522508094639e+13   1.525673996631e-02  
 1.218036072144e+04   9.521604311679e+13   1.525529194637e-02  
 1.218132264529e+04   9.520700644387e+13   1.525384411175e-02  
 1.218228456914e+04   9.519797092741e+13   1.525239646241e-02  
 1.218324649299e+04   9.518893656715e+13   1.525094899832e-02  
 1.218420841683e+04   9.517990336289e+13   1.524950171944e-02  
 1.218517034068e+04   9.517087131437e+13   1.524805462573e-02  
 1.218613226453e+04   9.516184042136e+13   1.524660771715e-02  
 1.218709418838e+04   9.515281068364e+13   1.524516099368e-02  
 1.218805611222e+04   9.514378210097e+13   1.524371445526e-02  
 1.218901803607e+04   9.513475467311e+13   1.524226810186e-02  
 1.218997995992e+04   9.512572839984e+13   1.524082193345e-02  
 1.219094188377e+04   9.511670328093e+13   1.523937594998e-02  
 1.219190380762e+04   9.510767931613e+13   1.523793015143e-02  
 1.219286573146e+04   9.509865650521e+13   1.523648453774e-02  
 1.219382765531e+04   9.508963484795e+13   1.523503910890e-02  
 1.219478957916e+04   9.508061434411e+13   1.523359386485e-02  
 1.219575150301e+04   9.507159499346e+13   1.523214880556e-02  
 1.219671342685e+04   9.506257679576e+13   1.523070393100e-02  
 1.219767535070e+04   9.505355975080e+13   1.522925924112e-02  
 1.219863727455e+04   9.504454385832e+13   1.522781473590e-02  
 1.219959919840e+04   9.503552911810e+13   1.522637041528e-02  
 1.220056112224e+04   9.502651552991e+13   1.522492627925e-02  
 1.220152304609e+04   9.501750309351e+13   1.522348232774e-02  
 1.220248496994e+04   9.500849180869e+13   1.522203856075e-02  
 1.220344689379e+04   9.499948167519e+13   1.522059497821e-02  
 1.220440881764e+04   9.499047269279e+13   1.521915158010e-02  
 1.220537074148e+04   9.498146486126e+13   1.521770836638e-02  
 1.220633266533e+04   9.497245818037e+13   1.521626533701e-02  
 1.220729458918e+04   9.496345264988e+13   1.521482249196e-02  
 1.220825651303e+04   9.495444826956e+13   1.521337983119e-02  
 1.220921843687e+04   9.494544503919e+13   1.521193735465e-02  
 1.221018036072e+04   9.493644295853e+13   1.521049506232e-02  
 1.221114228457e+04   9.492744202735e+13   1.520905295416e-02  
 1.221210420842e+04   9.491844224542e+13   1.520761103013e-02  
 1.221306613226e+04   9.490944361250e+13   1.520616929019e-02  
 1.221402805611e+04   9.490044612837e+13   1.520472773430e-02  
 1.221498997996e+04   9.489144979279e+13   1.520328636244e-02  
 1.221595190381e+04   9.488245460555e+13   1.520184517456e-02  
 1.221691382766e+04   9.487346056639e+13   1.520040417062e-02  
 1.221787575150e+04   9.486446767509e+13   1.519896335059e-02  
 1.221883767535e+04   9.485547593142e+13   1.519752271443e-02  
 1.221979959920e+04   9.484648533516e+13   1.519608226210e-02  
 1.222076152305e+04   9.483749588607e+13   1.519464199357e-02  
 1.222172344689e+04   9.482850758391e+13   1.519320190880e-02  
 1.222268537074e+04   9.481952042847e+13   1.519176200776e-02  
 1.222364729459e+04   9.481053441950e+13   1.519032229040e-02  
 1.222460921844e+04   9.480154955677e+13   1.518888275669e-02  
 1.222557114228e+04   9.479256627318e+13   1.518744347598e-02  
 1.222653306613e+04   9.478358370248e+13   1.518600430949e-02  
 1.222749498998e+04   9.477460227734e+13   1.518456532654e-02  
 1.222845691383e+04   9.476562199753e+13   1.518312652709e-02  
 1.222941883768e+04   9.475664286281e+13   1.518168791111e-02  
 1.223038076152e+04   9.474766487296e+13   1.518024947855e-02  
 1.223134268537e+04   9.473868802774e+13   1.517881122939e-02  
 1.223230460922e+04   9.472971232694e+13   1.517737316358e-02  
 1.223326653307e+04   9.472073777031e+13   1.517593528108e-02  
 1.223422845691e+04   9.471176435763e+13   1.517449758187e-02  
 1.223519038076e+04   9.470279208866e+13   1.517306006590e-02  
 1.223615230461e+04   9.469382096319e+13   1.517162273314e-02  
 1.223711422846e+04   9.468485098097e+13   1.517018558355e-02  
 1.223807615230e+04   9.467588214178e+13   1.516874861709e-02  
 1.223903807615e+04   9.466691444539e+13   1.516731183373e-02  
 1.224000000000e+04   9.465794789158e+13   1.516587523343e-02  
