z [mm]	By meas [T]	By sim [T]
-800.	-0.00005032594608562351	-0.0001207852822694196
-799.	-0.00006324796419037847	-0.0001214724215410006
-798.	-0.00006776080846433492	-0.000122164324330837
-797.	-0.00006082904336182703	-0.0001228610290265971
-796.	-0.0000699281092872165	-0.000123562574499941
-795.	-0.00006463082172973231	-0.0001242689999447812
-794.	-0.0000706634644388221	-0.0001249803451894841
-793.	-0.00007826575536519222	-0.0001256966501511206
-792.	-0.00007207072373009181	-0.0001264179550606268
-791.	-0.00006245795823498795	-0.0001271443007275591
-790.	-0.0000600703311198845	-0.0001278757281400819
-789.	-0.00006468908898913262	-0.0001286122789518897
-788.	-0.0000658908276586622	-0.0001293539948650168
-787.	-0.00005898498287149322	-0.0001301009182743345
-786.	-0.00006262370112564659	-0.0001308530917587425
-785.	-0.00006662288553403237	-0.000131610558320373
-784.	-0.00007472339179877649	-0.0001323733612502448
-783.	-0.00007862175862557324	-0.0001331415446478684
-782.	-0.00007173849857933769	-0.0001339151526473102
-781.	-0.00007760385954100144	-0.0001346942298092168
-780.	-0.00007625302910497376	-0.0001354788214778141
-779.	-0.0000782383594064267	-0.0001362689728806796
-778.	-0.00007072913756457939	-0.0001370647299621401
-777.	-0.0000783177511884702	-0.0001378661393301394
-776.	-0.00008019489776168154	-0.0001386732475971137
-775.	-0.00007978335299376624	-0.0001394861018394457
-774.	-0.00008052941391437369	-0.0001403047499652704
-773.	-0.00008105197377532988	-0.0001411292399152513
-772.	-0.00008160648127626583	-0.0001419596205559244
-771.	-0.00008014352725516989	-0.0001427959405920875
-770.	-0.00009411800977058499	-0.0001436382495807486
-769.	-0.00009038504042548253	-0.0001444865974673846
-768.	-0.00008315628151942729	-0.0001453410348958186
-767.	-0.00007790918259456432	-0.0001462016125328168
-766.	-0.00008318813565263374	-0.0001470683818628494
-765.	-0.00008079349236822238	-0.0001479413945937533
-764.	-0.00008202972006571854	-0.000148820703334916
-763.	-0.0000873433156017722	-0.000149706360792416
-762.	-0.00008458880218371016	-0.0001505984204016853
-761.	-0.00008906844637458313	-0.0001514969361025062
-760.	-0.00008065047131594336	-0.0001524019620301944
-759.	-0.00008549579186532748	-0.0001533135533974532
-758.	-0.00009564485128489033	-0.0001542317653318589
-757.	-0.00009759038926962656	-0.0001551566540990653
-756.	-0.0000970303666749355	-0.0001560882759271842
-755.	-0.00009476057778122545	-0.0001570266879120434
-754.	-0.00008944273365579998	-0.0001579719476117928
-753.	-0.00009639022050091782	-0.0001589241134432904
-752.	-0.0001029806779261421	-0.0001598832437136943
-751.	-0.0001005098445758033	-0.0001608493978320254
-750.	-0.0000913358402605653	-0.0001618226354667925
-749.	-0.00009461381888486764	-0.000162803017354455
-748.	-0.0001077981605640397	-0.0001637906041160395
-747.	-0.0001007484810707918	-0.0001647854576922554
-746.	-0.000101710815775879	-0.0001657876399347204
-745.	-0.0001098426608702769	-0.0001667972136803702
-744.	-0.00010654172993278	-0.0001678142421903332
-743.	-0.0001031368206159214	-0.0001688387896122301
-742.	-0.0001037949504710339	-0.0001698709205127426
-741.	-0.0001070772702308374	-0.0001709107002770129
-740.	-0.0001106549952705885	-0.0001719581943329483
-739.0000000000001	-0.0001006973723279496	-0.0001730134696192158
-738.	-0.00009937632395976758	-0.0001740765930208399
-737.0000000000001	-0.0001049945794689692	-0.0001751476325896826
-736.	-0.0001156495694634103	-0.0001762266566913629
-735.0000000000001	-0.0001125293812871588	-0.0001773137343004756
-734.	-0.000116267259155625	-0.0001784089352815576
-733.0000000000001	-0.0001070291867490347	-0.0001795123301730248
-732.	-0.000114725160350266	-0.0001806239902123167
-731.0000000000001	-0.0001160794054933599	-0.0001817439873781437
-730.	-0.0001116042821116337	-0.0001828723940042611
-729.0000000000001	-0.0001238970665740593	-0.000184009283381275
-728.	-0.00012360764378197	-0.0001851547297646674
-727.0000000000001	-0.0001231372359732009	-0.0001863088077994769
-726.0000000000001	-0.0001052610952729691	-0.0001874715927966753
-725.0000000000001	-0.0001171523375343239	-0.0001886431612917011
-724.0000000000001	-0.0001219026504755809	-0.0001898235901804538
-723.0000000000001	-0.0001287504124213201	-0.0001910129568932028
-722.0000000000001	-0.0001230070467105759	-0.0001922113403625068
-721.0000000000001	-0.0001211327995044616	-0.0001934188196845436
-720.0000000000001	-0.0001321109306870715	-0.0001946354748236127
-719.0000000000001	-0.0001226842850926209	-0.0001958613868194908
-718.0000000000001	-0.000128556618807174	-0.0001970966372613059
-717.0000000000001	-0.0001238100706213248	-0.0001983413084518011
-716.0000000000001	-0.0001318155806864287	-0.0001995954841523602
-715.0000000000001	-0.0001328224409456626	-0.0002008592481081388
-714.0000000000001	-0.0001272865663975048	-0.0002021326853422419
-713.0000000000001	-0.0001348959905744274	-0.0002034158817423925
-712.0000000000001	-0.0001405778205761577	-0.0002047089239249555
-711.0000000000001	-0.0001342003031003715	-0.0002060118995154169
-710.0000000000001	-0.0001372803669145004	-0.0002073248968222176
-709.0000000000001	-0.0001430042723934318	-0.0002086480051610125
-708.0000000000001	-0.0001367845269721481	-0.0002099813148314824
-707.0000000000001	-0.0001382129897301679	-0.0002113249167679626
-706.0000000000001	-0.0001492264706669542	-0.00021267890301594
-705.0000000000001	-0.0001459795447030061	-0.0002140433666378689
-704.0000000000001	-0.0001543936418182201	-0.0002154184013573458
-703.0000000000001	-0.0001489340130295494	-0.0002168041021570936
-702.0000000000001	-0.0001541606926879018	-0.0002182005645671338
-701.0000000000001	-0.0001440326725041757	-0.0002196078855910375
-700.0000000000001	-0.0001507368089043305	-0.0002210261627559798
-699.0000000000001	-0.0001568387553150725	-0.0002224554948431333
-698.0000000000001	-0.0001673103672953973	-0.0002238959816059668
-697.0000000000001	-0.0001601689763748691	-0.0002253477236332464
-696.0000000000001	-0.0001508987337543265	-0.0002268108227221893
-695.0000000000001	-0.0001542265533639742	-0.0002282853816952231
-694.0000000000001	-0.0001578339413003936	-0.0002297715042196201
-693.0000000000001	-0.0001597847792453107	-0.0002312692953383101
-692.0000000000001	-0.0001569598128491117	-0.0002327788608596964
-691.0000000000001	-0.0001650352781510043	-0.0002343003077553487
-690.0000000000001	-0.0001616439276651092	-0.0002358337443531016
-689.	-0.0001540679652938288	-0.0002373792794993271
-688.	-0.0001682115822333746	-0.0002389370238398096
-687.	-0.0001673617432293869	-0.0002405070887720772
-686.	-0.0001652076713792407	-0.0002420895867634054
-685.	-0.0001686091234396661	-0.0002436846316536161
-684.	-0.0001663902675175367	-0.0002452923382360824
-683.	-0.0001734371274041841	-0.000246912822690938
-682.	-0.0001828240669234462	-0.0002485462023723062
-681.	-0.0001849596539293988	-0.0002501925955872311
-680.	-0.0001796126046287136	-0.0002518521221526336
-679.	-0.0001868432774572527	-0.0002535249030335927
-678.	-0.0001846114381802957	-0.0002552110603859783
-677.	-0.0001913809287141895	-0.0002569107175700172
-676.	-0.0001915788058597465	-0.0002586239993880261
-675.	-0.0001926775560363143	-0.0002603510319201545
-674.	-0.0001907508092072462	-0.0002620919424018362
-673.	-0.0001924630815786284	-0.0002638468594412949
-672.	-0.0002051397895228498	-0.0002656159129576459
-671.	-0.0001989623293799547	-0.0002673992344751876
-670.	-0.0001930009647983069	-0.0002691969564729129
-669.	-0.0001986664115534588	-0.0002710092130254933
-668.	-0.0002042004006664519	-0.0002728361398075981
-667.	-0.000213226782678442	-0.0002746778733344305
-666.	-0.0002011326111078059	-0.000276534552126287
-665.	-0.0002039737111253006	-0.0002784063159411843
-664.	-0.0002052688728734791	-0.0002802933057974787
-663.	-0.0002148746086302156	-0.0002821956643802099
-662.	-0.000211312396246653	-0.0002841135360573453
-661.	-0.0002110666065763103	-0.0002860470662962103
-660.	-0.0002186771031545181	-0.0002879964022846396
-659.	-0.0002237803889698662	-0.0002899616929705537
-658.	-0.0002279359674726302	-0.0002919430883453242
-657.	-0.0002146201521215225	-0.0002939407404262593
-656.	-0.0002321381264863142	-0.0002959548028355236
-655.	-0.0002313656892934907	-0.0002979854303972316
-654.	-0.0002286126867942883	-0.0003000327799417671
-653.	-0.0002298508925433321	-0.0003020970098464302
-652.	-0.0002242007599375237	-0.0003041782801969077
-651.	-0.0002274730268411452	-0.0003062767526376642
-650.	-0.0002345675557889067	-0.0003083925906366112
-649.	-0.0002387982484119834	-0.0003105259593125338
-648.	-0.0002307234301087696	-0.0003126770256169604
-647.	-0.0002506562056207313	-0.000314845958382808
-646.	-0.0002520223573068246	-0.000317032927817881
-645.	-0.0002502336703859414	-0.0003192381063446703
-644.	-0.0002453223969660229	-0.0003214616679928525
-643.	-0.000246499178284966	-0.0003237037887714875
-642.	-0.0002555221858893275	-0.000325964646483173
-641.	-0.0002606681404379204	-0.0003282444208944874
-640.	-0.0002588685649309563	-0.0003305432935326469
-639.	-0.0002599356640138581	-0.0003328614480773739
-638.	-0.000267524405424416	-0.000335199069931835
-637.	-0.0002647890341833831	-0.0003375563467618549
-636.	-0.0002565206830106011	-0.0003399334680387244
-635.	-0.000263044081678475	-0.0003423306250730581
-634.	-0.0002720711055402858	-0.0003447480116934128
-633.	-0.0002684919391969973	-0.0003471858234790447
-632.	-0.0002656851890275235	-0.0003496442582188054
-631.	-0.0002680300330998765	-0.0003521235157034007
-630.	-0.0002734376911710771	-0.0003546237980733146
-629.	-0.0002876459552078907	-0.0003571453093499141
-628.	-0.000292395231667222	-0.0003596882559786375
-627.	-0.0002930152980368118	-0.0003622528465779955
-626.	-0.0002982240832632101	-0.0003648392920335255
-625.	-0.0002949580762576028	-0.0003674478053595133
-624.0000000000001	-0.000285289252809025	-0.000370078602023138
-623.	-0.0002950659067615836	-0.0003727318998986256
-622.0000000000001	-0.0002952914159328719	-0.000375407918707807
-621.	-0.0002980848994929747	-0.0003781068812289343
-620.0000000000001	-0.0003013304219554953	-0.0003808290122040349
-619.	-0.0003063693333875261	-0.0003835745388979148
-618.0000000000001	-0.00030611158873885	-0.0003863436911809545
-617.	-0.0003085362616351857	-0.000389136701178824
-616.0000000000001	-0.0003098133037822351	-0.0003919538036906094
-615.	-0.0003273196245992801	-0.0003947952360055555
-614.0000000000001	-0.0003198454732455491	-0.0003976612379879982
-613.	-0.0003193370385906342	-0.0004005520520794264
-612.0000000000001	-0.0003186988215618426	-0.0004034679234624784
-611.	-0.0003250169670047317	-0.0004064090999085984
-610.0000000000001	-0.0003325117530873339	-0.0004093758319032948
-609.	-0.0003366144713409965	-0.0004123683725459741
-608.0000000000001	-0.0003431862924183415	-0.0004153869777985759
-607.	-0.0003354641328362012	-0.0004184319065653784
-606.0000000000001	-0.0003527369224549632	-0.0004215034200805223
-605.	-0.0003535354154742598	-0.0004246017830230973
-604.0000000000001	-0.0003443061559650486	-0.0004277272626814524
-603.	-0.0003522844522555836	-0.0004308801291295611
-602.0000000000001	-0.0003656249341044876	-0.0004340606556131041
-601.	-0.0003579953469237413	-0.0004372691182496918
-600.0000000000001	-0.0003597294242643437	-0.0004405057961180033
-599.	-0.0003657730471558455	-0.0004437709715912747
-598.0000000000001	-0.0003619311299331672	-0.0004470649299167753
-597.	-0.0003635258350609887	-0.0004503879593754026
-596.0000000000001	-0.0003765205512513828	-0.0004537403518598457
-595.	-0.0003760855200522967	-0.0004571224018660814
-594.0000000000001	-0.000379919571836256	-0.0004605344075749606
-593.	-0.0003898718730349839	-0.0004639766701611324
-592.0000000000001	-0.0003831380917553811	-0.0004674494943045802
-591.0000000000001	-0.0003793272847728493	-0.0004709531879984368
-590.0000000000001	-0.0003901544598408225	-0.0004744880623531615
-589.0000000000001	-0.0003995324210700104	-0.0004780544322361884
-588.0000000000001	-0.0003999360125206994	-0.000481652615834888
-587.0000000000001	-0.0004052633912746249	-0.0004852829347306282
-586.0000000000001	-0.0004132457116540251	-0.0004889457143127345
-585.0000000000001	-0.0004003085151083609	-0.0004926412832634138
-584.0000000000001	-0.0004169056615773281	-0.0004963699739878195
-583.0000000000001	-0.0004208035033405589	-0.0005001321227550838
-582.0000000000001	-0.0004261695840848677	-0.0005039280691173619
-581.0000000000001	-0.0004286927330148774	-0.0005077581566790796
-580.0000000000001	-0.0004180617511565553	-0.0005116227327550339
-579.0000000000001	-0.0004368800713277596	-0.0005155221485918284
-578.0000000000001	-0.0004425304080856161	-0.0005194567589950209
-577.0000000000001	-0.000445541895857635	-0.0005234269229021919
-576.0000000000001	-0.000453258325279557	-0.0005274330033281894
-575.0000000000001	-0.000451670840066851	-0.0005314753670692425
-574.0000000000001	-0.0004624958913714111	-0.0005355543850423627
-573.0000000000001	-0.0004600259692817432	-0.0005396704322377342
-572.0000000000001	-0.0004654511152287866	-0.0005438238878851848
-571.0000000000001	-0.0004673508915261975	-0.0005480151351254999
-570.0000000000001	-0.0004670028182626845	-0.0005522445616788535
-569.0000000000001	-0.0004720262894333691	-0.0005565125593948696
-568.0000000000001	-0.0004788255838849732	-0.00056081952437682
-567.0000000000001	-0.0004779259897170916	-0.0005651658571771782
-566.0000000000001	-0.0004864904760174037	-0.0005695519627369743
-565.0000000000001	-0.0004901618201539467	-0.0005739782505189497
-564.	-0.0005014651978574253	-0.0005784451343840425
-563.	-0.000507507831216103	-0.0005829530328215671
-562.	-0.0005092574318790918	-0.0005875023691862585
-561.	-0.0005154325604745689	-0.0005920935709331175
-560.	-0.0005207346285291447	-0.0005967270708616207
-559.	-0.0005236265254322184	-0.0006014033060630637
-558.	-0.0005220409929623628	-0.0006061227187959107
-557.	-0.0005287653899115589	-0.0006108857559073806
-556.	-0.0005359148529893255	-0.0006156928694018413
-555.	-0.0005317537385878066	-0.0006205445160556686
-554.	-0.0005396038473716503	-0.0006254411579655657
-553.	-0.0005416865740787323	-0.0006303832619769417
-552.	-0.0005477225755131293	-0.0006353713003553939
-551.	-0.0005499169993435802	-0.0006404057503968477
-550.	-0.000576385099070374	-0.0006454870946776328
-549.	-0.0005733334429880066	-0.0006506158211397459
-548.	-0.0005768747877213977	-0.0006557924231222699
-547.	-0.0005828846071522175	-0.0006610173991469401
-546.	-0.0005800047993195781	-0.0006662912536815471
-545.	-0.0005886849503397619	-0.0006716144960377001
-544.	-0.0006015791916053771	-0.0006769876418749546
-543.	-0.000598586581653673	-0.0006824112119541562
-542.	-0.0006022987283168327	-0.0006878857329944189
-541.	-0.0006044132288658179	-0.000693411737399472
-540.	-0.0006127166272737427	-0.0006989897634436662
-539.	-0.0006200586386688476	-0.0007046203553411013
-538.	-0.0006339027746785761	-0.0007103040630350122
-537.	-0.0006365130821929279	-0.0007160414426329048
-536.	-0.0006358903626752652	-0.0007218330564323719
-535.	-0.0006396603561139145	-0.0007276794725144923
-534.	-0.0006458472397952218	-0.0007335812655706599
-533.	-0.0006582216875386172	-0.0007395390160715123
-532.	-0.000652682854379233	-0.0007455533113243861
-531.	-0.0006559428891701745	-0.0007516247445359438
-530.	-0.0006683519865228216	-0.0007577539156272935
-529.	-0.0006822369020313879	-0.0007639414307678013
-528.	-0.0006793375927626782	-0.0007701879031825381
-527.	-0.0006866286192742741	-0.0007764939520940828
-526.	-0.0006966873280298509	-0.0007828602038008085
-525.	-0.0007039187462649343	-0.0007892872912624757
-524.	-0.0007041886176688105	-0.0007957758541782746
-523.	-0.0007184469093467202	-0.0008023265392783384
-522.	-0.0007147750950178677	-0.0008089400000458568
-521.	-0.0007291726323259135	-0.0008156168969091597
-520.	-0.00073725156345316	-0.0008223578976999052
-519.	-0.0007440145339463634	-0.0008291636770561851
-518.	-0.0007508136371843019	-0.000836034916999486
-517.	-0.0007629048865735886	-0.0008429723065134682
-516.	-0.0007599049190203574	-0.0008499765424138021
-515.	-0.0007629176066156182	-0.0008570483281461263
-514.	-0.0007870372425384085	-0.0008641883754900386
-513.	-0.0007921268166133973	-0.0008713974028613526
-512.	-0.0007974918969554036	-0.000878676136884398
-511.0000000000001	-0.0008097534729667142	-0.0008860253114552872
-510.	-0.0008171604452307699	-0.0008934456682474237
-509.0000000000001	-0.0008119994609102737	-0.0009009379566808275
-508.	-0.0008176787625506829	-0.0009085029340318631
-507.0000000000001	-0.0008271769115575998	-0.0009161413655218562
-506.	-0.0008413194076485301	-0.0009238540239263263
-505.0000000000001	-0.0008408154852270354	-0.0009316416904905245
-504.	-0.0008587799668763973	-0.0009395051541344877
-503.0000000000001	-0.0008664101129823858	-0.0009474452121541682
-502.	-0.0008774288917017297	-0.0009554626697536661
-501.0000000000001	-0.0008773422443270968	-0.0009635583405623393
-500.	-0.0008859340652904482	-0.0009717330463264989
-499.	-0.0008908024459050241	-0.0009799876172720922
-498.	-0.0009015913350208627	-0.0009883228918414214
-497.	-0.0009085103931224976	-0.0009967397170230541
-496.	-0.0009190009661266678	-0.001005238948232614
-495.	-0.0009323628610463971	-0.001013821449457587
-494.	-0.0009423055037393571	-0.001022488093261049
-493.	-0.0009522970514713984	-0.001031239760738928
-492.	-0.0009552051825952775	-0.001040077341790063
-491.	-0.0009674504998840151	-0.001049001735024323
-490.	-0.0009770822382401637	-0.0010580138476757
-489.	-0.0009771218467507208	-0.001067114595878816
-488.	-0.0009841569830479678	-0.001076304904662081
-487.	-0.000991911670607633	-0.001085585707831032
-486.	-0.001004904652243839	-0.001094957948162828
-485.	-0.001009317352311986	-0.001104422577262378
-484.	-0.001024357896478256	-0.001113980555856399
-483.	-0.001034660792081466	-0.00112363285365311
-482.	-0.001035106139033175	-0.001133380449234869
-481.	-0.001051483158802878	-0.001143224330416411
-480.	-0.001059383952619036	-0.001153165493988002
-479.	-0.001070600525209332	-0.00116320494583844
-478.	-0.001073271516585361	-0.001173343700887757
-477.	-0.001093229707852484	-0.001183582783293601
-476.	-0.001096502209936206	-0.001193923226140446
-475.	-0.001114752718917519	-0.001204366071887064
-474.	-0.001116879400684828	-0.001214912371816168
-473.	-0.001126337107544945	-0.001225563186491408
-472.	-0.00114325071993407	-0.001236319585546007
-471.	-0.001142923484069951	-0.001247182647603689
-470.	-0.001159658833863173	-0.001258153460438952
-469.	-0.001172599665476691	-0.001269233120831689
-468.	-0.001182924155154378	-0.001280422734605705
-467.	-0.001208074688491603	-0.001291723416475329
-466.	-0.001221706458400292	-0.001303136290161058
-465.	-0.00122429635344138	-0.001314662488171298
-464.	-0.001237627740553825	-0.001326303151990384
-463.	-0.001249284089297726	-0.0013380594316745
-462.	-0.001257081652255681	-0.001349932486170808
-461.	-0.001280651777632085	-0.001361923482943735
-460.	-0.001280270072912132	-0.001374033598078889
-459.	-0.001282239364513059	-0.001386264016037569
-458.	-0.001299263767305614	-0.00139861592970997
-457.	-0.001311387997512338	-0.001411090540191062
-456.	-0.001324183969125468	-0.001423689056829183
-455.	-0.001350269778398647	-0.001436412696833814
-454.	-0.001354851135975386	-0.001449262685452861
-453.	-0.001362004602861324	-0.001462240255497578
-452.	-0.001375057665225166	-0.001475346647659179
-451.	-0.001390817934793296	-0.001488583109730393
-450.	-0.001407766824685196	-0.001501950896953682
-449.	-0.001414972985249576	-0.001515451271682483
-448.	-0.001434535496702203	-0.001529085502833281
-447.	-0.001437680829323605	-0.001542854866414484
-446.	-0.001457101464279539	-0.00155676064454388
-445.	-0.001478260002518146	-0.001570804125575002
-444.	-0.001484838680811431	-0.001584986603853342
-443.	-0.00149592188835922	-0.001599309379401614
-442.	-0.001502731973082318	-0.001613773757566665
-441.	-0.0015136746460016	-0.00162838104884474
-440.	-0.001532393020898438	-0.001643132568365637
-439.	-0.001551603784344436	-0.001658029635792901
-438.	-0.001567249439507867	-0.001673073574879115
-437.	-0.001582816981691857	-0.001688265712936519
-436.	-0.001592131354560416	-0.001703607380663051
-435.	-0.001608073210043731	-0.001719099911682764
-434.	-0.001624149683354326	-0.001734744641998867
-433.	-0.001644534629226744	-0.001750542909643626
-432.	-0.001661021693963951	-0.001766496054075476
-431.	-0.001675105495426157	-0.001782605415937579
-430.	-0.00169590451746154	-0.001798872336112125
-429.	-0.001707306606252089	-0.001815298155591821
-428.	-0.001725035999133623	-0.00183188421460226
-427.	-0.001733114018356083	-0.00184863185204418
-426.	-0.001750974064528443	-0.001865542404915283
-425.	-0.001772466605538907	-0.001882617207705321
-424.	-0.001792819906055331	-0.001899857591522773
-423.	-0.001808015609900246	-0.001917264883369554
-422.	-0.001822398329705417	-0.001934840405538693
-421.	-0.001841216847006069	-0.001952585474559821
-420.	-0.001850310340499105	-0.001970501400610536
-419.	-0.001873033832543548	-0.001988589486412947
-418.	-0.001889625903492817	-0.00200685102651058
-417.	-0.00191242668586918	-0.002025287306018679
-416.	-0.001927356739877499	-0.002043899599952546
-415.	-0.001945739663559613	-0.002062689171988717
-414.	-0.001962845367892082	-0.002081657273243762
-413.	-0.00197337586426336	-0.002100805141448213
-412.	-0.002000133098423795	-0.002120133999467691
-411.	-0.00201308511671997	-0.002139645054110106
-410.	-0.002034404186698057	-0.002159339494978024
-409.	-0.002052379431351735	-0.002179218492895857
-408.	-0.002069097464621718	-0.002199283198549213
-407.	-0.002094658282557142	-0.00221953474113659
-406.	-0.00210982816284905	-0.002239974226693332
-405.	-0.002136909557134212	-0.002260602736438551
-404.	-0.002160931224787518	-0.002281421325318026
-403.	-0.00218183938322515	-0.002302431019939625
-402.	-0.002203275289034376	-0.002323632817101782
-401.	-0.002226117225820383	-0.002345027681609625
-400.	-0.002243288415117737	-0.002366616544586273
-399.	-0.002266556500664417	-0.002388400301030436
-398.	-0.002288407347107576	-0.002410379808185279
-397.	-0.002316763967713051	-0.00243255588277589
-396.	-0.002330715419871517	-0.002454929299224814
-395.	-0.002358030136300188	-0.002477500786817788
-394.	-0.002372279701313474	-0.002500271027439127
-393.	-0.002398919476957505	-0.002523240652973323
-392.	-0.002422460986799091	-0.002546410242494284
-391.	-0.002445860614378053	-0.002569780319477364
-390.	-0.002465253220693487	-0.002593351348883234
-389.	-0.002486828411205212	-0.002617123734365119
-388.	-0.002506516097635925	-0.002641097814582499
-387.	-0.002536018227168472	-0.002665273860570087
-386.	-0.002564493423278389	-0.002689652071743567
-385.	-0.002577475900271387	-0.002714232572853433
-384.	-0.002603582290850298	-0.002739015409953791
-383.	-0.002633116436130405	-0.002764000546843177
-382.	-0.002653654424912507	-0.002789187861083267
-381.	-0.002674518720604392	-0.00281457713966672
-380.	-0.002697379830028638	-0.002840168075103787
-379.	-0.002722363712760306	-0.002865960260707287
-378.	-0.002745569827286044	-0.002891953186420034
-377.	-0.00277785177489492	-0.002918146233540848
-376.	-0.002802114926511343	-0.002944538670269618
-375.	-0.002820787584133981	-0.002971129646468252
-374.	-0.00286015869228736	-0.002997918188206044
-373.	-0.00287329842356645	-0.003024903192553206
-372.	-0.002890777740516274	-0.003052083421817354
-371.	-0.002922969163645473	-0.003079457497754719
-370.	-0.002958084995530467	-0.003107023895326071
-369.	-0.002984242332226546	-0.003134780936641677
-368.	-0.003005536321471098	-0.003162726784259244
-367.	-0.003034534101026283	-0.003190859434759441
-366.	-0.0030611588008004	-0.003219176711509527
-365.	-0.003091950042687904	-0.003247676257725955
-364.	-0.003124380880696569	-0.003276355528858127
-363.	-0.003143794150432942	-0.003305211785183596
-362.	-0.003169572198532939	-0.003334242083726939
-361.	-0.003195594554975555	-0.003363443270212787
-360.	-0.003225140489004962	-0.003392811970654453
-359.	-0.003248402398697342	-0.003422344582635978
-358.	-0.003280620817053672	-0.003452037266523518
-357.	-0.003312240179244911	-0.003481885936199781
-356.	-0.00334617870105089	-0.003511886249506343
-355.	-0.003366731153209641	-0.00354203359879342
-354.	-0.00339963911612574	-0.003572323100661127
-353.	-0.003435522396246537	-0.003602749585927502
-352.	-0.003459240471224191	-0.003633307588832269
-351.	-0.003472554082287896	-0.003663991336529351
-350.	-0.003511310472643349	-0.003694794737811121
-349.	-0.003537629708740415	-0.00372571137180481
-348.	-0.003556285659965388	-0.003756734476427582
-347.	-0.003592118980866207	-0.003787856936582805
-346.	-0.003626509556224711	-0.003819071271959568
-345.	-0.003647364747799287	-0.003850369624883769
-344.	-0.003671134426297276	-0.003881743747614269
-343.	-0.003706780029665797	-0.003913184989768885
-342.	-0.003737473247199614	-0.003944684285213294
-341.	-0.003769210880706706	-0.003976232139186636
-340.	-0.003787086059967862	-0.004007818615028994
-339.	-0.003823831622742593	-0.004039433320789209
-338.	-0.003853796440998893	-0.004071065395813083
-337.	-0.003890779262139875	-0.004102703497521403
-336.	-0.0039105163473199	-0.004134335787699814
-335.	-0.003941345105022786	-0.004165949919267161
-334.	-0.003962662484281189	-0.004197533023062072
-333.	-0.003990151108031452	-0.004229071694665815
-332.	-0.00401555784000359	-0.004260551981682054
-331.	-0.004042583092959785	-0.004291959371036694
-330.	-0.004064955443459072	-0.004323278777151986
-329.	-0.004101114329370091	-0.004354494530001878
-328.	-0.004124346620648741	-0.00438559036457148
-327.	-0.004153915046998677	-0.004416549410357234
-326.	-0.004184473837205524	-0.004447354182160808
-325.	-0.00420916540803359	-0.00447798657189428
-324.	-0.004231911937599683	-0.00450842784147068
-323.	-0.004258568080474764	-0.004538658617160842
-322.	-0.004280616198834252	-0.004568658885690355
-321.	-0.004300796725837628	-0.004598407992062101
-320.	-0.00433079931132533	-0.004627884639566388
-319.	-0.004356825829744777	-0.004657066892265998
-318.	-0.00437712272943233	-0.00468593218021265
-317.	-0.004401465805137245	-0.004714457307583422
-316.	-0.004425834300566225	-0.004742618464678966
-315.	-0.004450626153949759	-0.004770391243588884
-314.	-0.004476339484627159	-0.0047977506584426
-313.	-0.004488696800837607	-0.004824671170663454
-312.	-0.004508319637755963	-0.004851126719571895
-311.	-0.004541896543228733	-0.004877090759631864
-310.	-0.00455262974292771	-0.004902536304248533
-309.	-0.004572033740660615	-0.004927435977724452
-308.	-0.004592076073059115	-0.00495176207570323
-307.	-0.004610908143119801	-0.00497548663527588
-306.	-0.004621063094127898	-0.004998581515886171
-305.	-0.004637157926712087	-0.005021018492335537
-304.	-0.004660845334100929	-0.005042769360935359
-303.	-0.004666446818431921	-0.005063806060484003
-302.	-0.004681805618877502	-0.005084100809717999
-301.	-0.004695515551320011	-0.005103626262973812
-300.	-0.004698651841744738	-0.005122355685860106
-299.	-0.004713650396438127	-0.005140263153752188
-298.	-0.004724815792762964	-0.005157323774702549
-297.	-0.004728878146102986	-0.005173513940025976
-296.	-0.004731269124731752	-0.005188811605441402
-295.	-0.004735720467873556	-0.00520319660577202
-294.	-0.004731629377714824	-0.005216651007228941
-293.	-0.00475176112328693	-0.00522915950089513
-292.	-0.004750679505301106	-0.005240709841997012
-291.	-0.004744800057968186	-0.005251293339923547
-290.	-0.004744036410847723	-0.005260905404282366
-289.	-0.004747519728025812	-0.005269546152869402
-288.	-0.00474653907824668	-0.005277221088300695
-287.	-0.004742097098948169	-0.005283941850578773
-286.	-0.004728086289024795	-0.005289727053538383
-285.	-0.004723898858197	-0.005294603214042079
-284.	-0.004706228493246181	-0.005298605784005503
-283.	-0.004701421780615196	-0.005301780295912491
-282.	-0.004684287847829069	-0.005304183633700323
-281.	-0.004675190130746141	-0.005305885442883079
-280.	-0.004662429219384198	-0.005306969693743765
-279.	-0.004646022851402098	-0.005307536414832869
-278.	-0.004630892572391632	-0.005307703613737162
-277.	-0.004612925086365172	-0.005307609405760756
-276.	-0.004600416021636886	-0.005307414371919288
-275.	-0.00458068022700497	-0.005307304170898593
-274.	-0.004558702753808955	-0.005307492431377574
-273.	-0.004543170300476894	-0.005308223954494405
-272.	-0.004528127710001127	-0.005309778259208261
-271.	-0.004503620193969973	-0.005312473506276446
-270.	-0.004482051366049845	-0.005316670841191153
-269.	-0.004475689613425299	-0.005322779199204553
-268.	-0.004442367165523781	-0.005331260621678522
-267.	-0.004423124619689539	-0.005342636136233752
-266.	-0.004415599689346271	-0.00535749226013632
-265.	-0.004394883555472775	-0.005376488190873956
-264.	-0.004383194160810458	-0.005400363755087339
-263.	-0.004361776693822962	-0.005429948193777679
-262.	-0.004359165579514634	-0.005466169868962093
-261.	-0.004350399615795635	-0.005510066985249013
-260.	-0.004352018236747279	-0.005562799428411256
-259.	-0.004350963073826129	-0.005625661832024266
-258.	-0.004354866071992252	-0.005700097993129947
-257.	-0.004363345966147643	-0.005787716768318834
-256.	-0.004386533682521269	-0.00589030959222592
-255.	-0.004409699982172111	-0.006009869769897278
-254.	-0.004431494306207311	-0.006148613708624744
-253.	-0.004469097723853664	-0.006309004261518228
-252.	-0.004520549193528349	-0.006493776368525243
-251.	-0.004568004093830477	-0.006705965188385805
-250.	-0.004637400187728429	-0.006948936921343105
-249.	-0.004714096986356673	-0.007226422531467586
-248.	-0.004785122031837683	-0.007542554571392176
-247.	-0.004883461422413583	-0.007901907318601745
-246.	-0.004994199025896767	-0.008309540412620962
-245.	-0.005101277366215086	-0.008771046170404087
-244.	-0.005250413268218044	-0.009292600723147307
-243.	-0.005408954771681061	-0.009881019077011367
-242.	-0.005580612351717478	-0.01054381412113316
-241.	-0.005789002587520351	-0.01128925954793761
-240.	-0.006026804003889614	-0.01212645648718611
-239.	-0.006326797935071295	-0.013065403541412
-238.	-0.006692491792582159	-0.01411706966883795
-237.	-0.007150675327613331	-0.01529346911562832
-236.	-0.00772880125874086	-0.01660773724379808
-235.	-0.008465783487614592	-0.01807420569567558
-234.	-0.009409528675089587	-0.0197084747797963
-232.9999999999999	-0.01059983822238266	-0.02152748031453452
-231.9999999999999	-0.01210159563987469	-0.02354955139670905
-230.9999999999999	-0.01396287490816618	-0.02579445452919158
-229.9999999999999	-0.01626388175291266	-0.02828341848628694
-228.9999999999999	-0.01903320150018903	-0.03103913290242811
-227.9999999999999	-0.02230658905846197	-0.03408571207577248
-226.9999999999999	-0.02611784164661438	-0.03744861385601135
-225.9999999999999	-0.03048686270485375	-0.04115450163140211
-224.9999999999999	-0.03542611640974302	-0.04523103577794766
-223.9999999999999	-0.04095641860416918	-0.04970657932508418
-223.	-0.04705300821060663	-0.05460980142109646
-222.	-0.05371482304174225	-0.05996916207869317
-221.	-0.06097983741522834	-0.06581226251255091
-220.	-0.06879529394761065	-0.07216504852439203
-219.	-0.07716905647743251	-0.07905086011562417
-218.	-0.08609943716833232	-0.08648932953346071
-217.	-0.09555803775407523	-0.0944951432617563
-216.	-0.1055155833263942	-0.1030767009636331
-215.	-0.1159837454103242	-0.1122347259981202
-214.	-0.1269179822960034	-0.1219609062545162
-213.	-0.138287072541752	-0.132236668049902
-212.	-0.1500839775272431	-0.1430322058477399
-211.	-0.1622369709770073	-0.1543059008148124
-210.	-0.1746975232622916	-0.1660042566472615
-209.	-0.1873819754789832	-0.1780624563432644
-208.	-0.2002635875056612	-0.1904055980606077
-207.	-0.2132312457965175	-0.2029506030444564
-206.	-0.2262390635553639	-0.2156087127879308
-205.	-0.2391523674598504	-0.228288418109988
-204.	-0.2519031988230453	-0.2408986035222002
-203.	-0.2644404572026377	-0.2533516591076283
-202.	-0.2766710772448679	-0.2655663151553157
-201.	-0.2885324199899859	-0.2774699931032726
-200.	-0.2999966919163608	-0.28900052950544
-199.	-0.3109508991020512	-0.3001072073160556
-198.	-0.3214303660344767	-0.310751103877174
-197.	-0.3313990193812484	-0.3209048286217461
-196.	-0.3408738771811721	-0.3305517653973632
-195.	-0.3497922740175469	-0.3396849553324023
-194.	-0.3581809326052963	-0.3483057565806185
-193.	-0.3660598430359087	-0.3564224036260406
-192.	-0.3734347081947495	-0.3640485656378571
-191.	-0.3803223146660967	-0.3712019775415177
-190.	-0.3867893095732166	-0.3779031919789491
-189.	-0.3928233829755503	-0.3841744784293966
-188.	-0.3984235504374079	-0.3900388788117551
-187.	-0.4036416318678851	-0.3955194166165457
-186.	-0.4084951881974053	-0.4006384489645329
-185.	-0.4130153391046398	-0.4054171468602608
-184.	-0.4172256359642731	-0.4098750873541194
-183.	-0.421139652456439	-0.4140299415902634
-182.	-0.4247480186742279	-0.4178972441311797
-181.	-0.4280764549791676	-0.4214902309596368
-180.	-0.4311537975812931	-0.4248197358301906
-179.	-0.433970858911113	-0.4278941373083363
-178.	-0.4365407348905524	-0.4307193513380615
-177.	-0.4388498672792427	-0.4332988668671558
-176.	-0.4409227173773587	-0.4356338245633583
-175.	-0.4427181766182368	-0.4377231413518424
-174.	-0.4442588007331957	-0.4395636858456258
-173.	-0.4455394405764553	-0.4411505121185421
-172.	-0.446542541399136	-0.4424771613949825
-171.	-0.4472654917194448	-0.4435360429220563
-170.	-0.4476982296956929	-0.4443189063754259
-169.	-0.4478424971683963	-0.4448174181140565
-168.	-0.4476546510582361	-0.445023851872658
-167.	-0.4471676623431151	-0.4449319002848842
-166.	-0.4463732789375287	-0.444537606069864
-165.	-0.4452623261594163	-0.4438403999626244
-164.	-0.4438487342685081	-0.4428442159515659
-163.	-0.4421535510452102	-0.4415586331060709
-162.	-0.4401776867907716	-0.4399999682300632
-161.	-0.437978953858836	-0.4381922170603674
-160.	-0.4356061780645878	-0.4361677177604304
-159.	-0.4330761979654351	-0.4339673945470666
-158.	-0.4304722687209722	-0.4316404381108552
-157.	-0.4278857554954474	-0.4292432998825344
-156.	-0.425353802377582	-0.4268379240231105
-155.	-0.4229609563971856	-0.4244892158431943
-154.	-0.4207836503121565	-0.4222618439008488
-153.	-0.4189029743204143	-0.4202165846672668
-152.	-0.4173764822528214	-0.418406526814649
-151.	-0.4162325363564949	-0.4168735360737164
-150.	-0.4155422863968249	-0.4156454197939997
-149.	-0.4152867052762341	-0.4147342042535627
-148.	-0.4154554576487634	-0.4141358365592633
-147.	-0.4160304734581045	-0.413831447674644
-146.	-0.4169782859802879	-0.4137900820888699
-145.	-0.4182061953511636	-0.413972550661449
-144.	-0.4196875110147236	-0.4143358508655765
-143.	-0.4213219414874354	-0.4148374823339204
-142.	-0.4230503491745767	-0.415439009393783
-141.	-0.4248193834015651	-0.4161083940261244
-140.	-0.4265608054787607	-0.4168209038378311
-139.	-0.4282254546315853	-0.4175587140558386
-138.	-0.4298069022518913	-0.4183095830785045
-137.	-0.4312591923335828	-0.4190651207355318
-136.	-0.4325957395657276	-0.4198191620354757
-135.	-0.4337771882148732	-0.4205666263556165
-134.	-0.4348230377399492	-0.4213030345190429
-133.	-0.4357412834302307	-0.4220246378770243
-132.	-0.4365606936698843	-0.4227289422057026
-131.	-0.4372557140304274	-0.4234153235748718
-130.	-0.4378766686471637	-0.4240854458158927
-129.	-0.4384194887227992	-0.4247432854254051
-128.	-0.4388904328886117	-0.4253947138276659
-127.	-0.4392997141064599	-0.4260467329963514
-126.	-0.4396530111892346	-0.4267065664639321
-125.	-0.4399795476043842	-0.4273808474105623
-124.	-0.4402848800884366	-0.4280751140689123
-123.	-0.4405570276831858	-0.4287937350917042
-122.	-0.440829494387315	-0.4295402722288474
-121.	-0.4410787507767097	-0.4303181772950111
-120.	-0.4413619077386525	-0.4311316438456928
-119.	-0.4416396269229285	-0.4319864094261126
-118.	-0.4419098876419685	-0.4328903354662879
-117.	-0.4422346185562355	-0.4338536673238595
-115.9999999999999	-0.4426037560627279	-0.4348889736769526
-114.9999999999999	-0.4429982004239218	-0.4360108550499586
-113.9999999999999	-0.4434445237600805	-0.437235572436942
-112.9999999999999	-0.4439750226058448	-0.4385807659011944
-111.9999999999999	-0.4445992095264022	-0.4400654096997859
-110.9999999999999	-0.4453218001923792	-0.4417100957689001
-109.9999999999999	-0.4461730123933964	-0.4435376686859197
-108.9999999999999	-0.4471740702178666	-0.4455741706096095
-107.9999999999999	-0.4483747020078337	-0.4478500092620947
-106.9999999999999	-0.4497832513474362	-0.4504012443613364
-105.9999999999999	-0.451492540718462	-0.4532708985514274
-104.9999999999999	-0.453525138416888	-0.4565102317203627
-103.9999999999999	-0.4559345356614512	-0.4601799599185678
-102.9999999999999	-0.4588282693014544	-0.4643514377851747
-101.9999999999999	-0.4622627737682001	-0.4691078416348848
-100.9999999999999	-0.4663675406790135	-0.4745453763824173
-99.99999999999997	-0.4712691371004209	-0.4807744700222495
-98.99999999999997	-0.4770976728950068	-0.4879207979368251
-97.99999999999997	-0.4840284349019135	-0.4961257679850112
-96.99999999999997	-0.4922243549902606	-0.5055457481068889
-96.00000000000008	-0.5018640581187209	-0.5163487492881814
-95.00000000000008	-0.5131969650855612	-0.5287063533011773
-94.00000000000008	-0.5263792437216219	-0.5427771899388057
-93.00000000000008	-0.5415766194241629	-0.5586759478959585
-92.00000000000008	-0.5588220784853319	-0.5764185330940526
-91.00000000000008	-0.5779538802370641	-0.5958299669460418
-90.00000000000008	-0.5984403651207929	-0.6163997076186218
-89.00000000000008	-0.6193656664940141	-0.6370786619880769
-88.00000000000008	-0.6389640780620053	-0.6560555116447507
-87.00000000000007	-0.6545732957003945	-0.6706565331002302
-86.00000000000007	-0.663035256548989	-0.6776541670577498
-85.00000000000007	-0.6614354013291963	-0.6742187916576362
-84.00000000000007	-0.6484707667498236	-0.6591948613004666
-83.00000000000007	-0.6249128033858846	-0.6337230804076089
-82.00000000000007	-0.5932427639787804	-0.6006144203060115
-81.00000000000007	-0.5566333706469429	-0.5630865767441268
-80.00000000000007	-0.5178399589322031	-0.5238245581109883
-79.00000000000007	-0.4788064327615556	-0.4846686701478403
-78.00000000000007	-0.4407059356605049	-0.446700931184148
-77.00000000000007	-0.4041223259306782	-0.4104553153831453
-76.00000000000007	-0.3693996172584961	-0.3761124108610748
-75.00000000000007	-0.3365653153091106	-0.3436410110286814
-74.00000000000007	-0.3054711106391734	-0.3128915609978549
-73.00000000000007	-0.2759864703505631	-0.2836570914253613
-72.00000000000005	-0.2479852606125667	-0.2557168775537589
-71.00000000000005	-0.2212443706054576	-0.2288734708664579
-70.00000000000005	-0.1955147035304217	-0.2029838319692303
-69.00000000000005	-0.1707781035922053	-0.1779714616731527
-68.00000000000005	-0.1468691149293734	-0.1538052412593767
-67.00000000000005	-0.1235692594906937	-0.1304560575500368
-66.00000000000005	-0.1008431166667373	-0.1078643511984786
-65.00000000000005	-0.07853465439894882	-0.08593578299369089
-64.00000000000005	-0.05660176828305834	-0.06455434545532588
-63.00000000000005	-0.0350027093920188	-0.04359670980021068
-62.00000000000005	-0.0136110550211317	-0.02294080354681976
-61.00000000000005	0.00757990722288243	-0.002468905657487739
-60.00000000000005	0.02866634300893341	0.01793222654042208
-59.00000000000005	0.04970323332041613	0.03837157092289297
-58.00000000000005	0.07076066765658826	0.0589516244647452
-57.00000000000005	0.09185093236423902	0.07976043333019568
-56.00000000000005	0.1129144325278483	0.1008550879096685
-55.00000000000005	0.1340949452139773	0.1222393778724119
-54.00000000000005	0.1552690104521549	0.1438508412134273
-53.00000000000005	0.1764966341429997	0.1655795513807076
-52.00000000000004	0.1975825668841359	0.1873192723606185
-51.00000000000004	0.2184520199604581	0.2090158224958119
-50.00000000000004	0.2388269565368907	0.2306805442904776
-49.00000000000004	0.2584489642013342	0.2523740013391591
-48.00000000000004	0.2772342973465086	0.2741830716887491
-47.00000000000004	0.2952509815070165	0.2962052119766342
-46.00000000000004	0.3130905990457532	0.3185413646461144
-45.00000000000004	0.3314364813008492	0.3412942118077681
-44.00000000000004	0.350984562548048	0.3645681672888038
-43.00000000000003	0.3720389827043575	0.3884678185322151
-42.00000000000003	0.3946146812267482	0.4130911655347895
-41.00000000000003	0.4185519990046294	0.4385137830728418
-40.00000000000003	0.443655282983367	0.4647634194358144
-39.00000000000003	0.469767569760457	0.4917963105987474
-38.00000000000003	0.4967488811768505	0.5195014071502379
-37.00000000000003	0.5246165320441187	0.5477499343610872
-36.00000000000002	0.5534364401202258	0.5764640225373221
-35.00000000000002	0.5831225053796205	0.6056543540046924
-34.00000000000002	0.6137413112207684	0.6354120490239416
-33.00000000000002	0.6454931594973674	0.6658798102059038
-32.00000000000002	0.6782584221040918	0.6972274611920964
-31.00000000000002	0.7122412638700289	0.7296394548339028
-30.00000000000002	0.7475715251429622	0.7633114863931532
-29.00000000000002	0.7844177588486197	0.7984512978927607
-28.00000000000002	0.822736190066574	0.8352793264878124
-27.00000000000002	0.8628255183895986	0.8740249726203126
-26.00000000000002	0.9047382594138688	0.9149139571208998
-25.00000000000002	0.9487134828812853	0.9581444255401417
-24.00000000000002	0.995254581797595	1.003859955380025
-23.00000000000002	1.044218478510166	1.052146947889654
-22.00000000000002	1.096190601492244	1.103088218492962
-21.00000000000001	1.151421029101287	1.15686168628782
-20.00000000000001	1.210412944093445	1.213820859133138
-19.00000000000001	1.273802630370773	1.27451366079081
-18.00000000000001	1.342096126426095	1.33965924817033
-17.00000000000001	1.416213152656965	1.410121572419332
-16.00000000000001	1.496778028132712	1.486894010659564
-15.00000000000001	1.58467384286744	1.571083807596181
-14.00000000000001	1.680882525114372	1.663869191357413
-13.00000000000001	1.786404338097115	1.766386349952222
-12.00000000000001	1.901771584479821	1.87948300174069
-11.00000000000001	2.026084429356158	2.003263424746796
-10.	2.157896966049369	2.136395608417407
-9.000000000000007	2.293083286049912	2.27534051487435
-8.000000000000007	2.42572598267926	2.414009140538667
-7.000000000000006	2.549083730392019	2.544541158898495
-6.000000000000005	2.657125082846324	2.659360247147593
-5.000000000000004	2.745531214305845	2.75349350913328
-4.000000000000003	2.812916473640929	2.825617260564706
-3.000000000000002	2.861088722557444	2.877309422236959
-2.000000000000001	2.893026408431272	2.911417864834841
-1.	2.91104274709665	2.930663361813361
0.	2.91701082048405	2.936868826672558
1.	2.911400626970037	2.930663361794194
2.000000000000001	2.893600331330192	2.911417864800593
3.000000000000002	2.862237620187963	2.877309422205153
4.000000000000003	2.814489746159862	2.825617260563975
5.000000000000004	2.747611945519919	2.753493509123168
6.000000000000005	2.660263347308331	2.659360247053333
7.000000000000006	2.553000288179152	2.544541158848047
8.000000000000007	2.43014340629984	2.414009140335221
9.000000000000007	2.298169650749709	2.27534051447066
10.	2.163739909122677	2.136395607824634
11.00000000000001	2.032825314975571	2.003263424055095
12.00000000000001	1.909579163352104	1.879483000907943
13.00000000000001	1.795446448431124	1.766386349077671
14.00000000000001	1.691268332304088	1.663869190424892
15.00000000000001	1.596353182609405	1.571083806601221
16.00000000000001	1.509911703283349	1.486894009692764
17.00000000000001	1.430852052176556	1.410121571530933
18.00000000000001	1.358233005974922	1.339659247251555
19.00000000000001	1.291105402870565	1.274513659932651
20.00000000000001	1.228994364772173	1.213820858211622
21.00000000000001	1.171111162996906	1.156861685411066
22.00000000000002	1.116771494189043	1.103088217657938
23.00000000000002	1.065649554974936	1.052146947061557
24.00000000000002	1.017443206672814	1.003859954582682
25.00000000000002	0.9717232331556899	0.9581444247498629
26.00000000000002	0.9282539611990404	0.9149139563571926
27.00000000000002	0.8868253571881187	0.8740249718746186
28.00000000000002	0.8470431353282611	0.8352793257629997
29.00000000000002	0.8089099312196667	0.7984512971940659
30.00000000000002	0.7722416614493895	0.7633114856818689
31.00000000000002	0.7367893286626467	0.7296394541654032
32.00000000000002	0.7025767701041302	0.6972274605177304
32.99999999999991	0.6694675306330154	0.6658798095695003
33.99999999999992	0.6373268541221295	0.6354120484177842
34.99999999999992	0.6060353674405458	0.6056543533944289
35.99999999999992	0.5756680118205455	0.5764640219420644
36.99999999999992	0.546080000514096	0.5477499337701596
37.99999999999992	0.5173269274537475	0.5195014065996632
38.99999999999992	0.4894191970959083	0.4917963100458427
39.99999999999992	0.4622723326347639	0.4647634189103094
40.99999999999992	0.4361205404291161	0.4385137825319341
41.99999999999992	0.4109731602403403	0.4130911649952024
42.99999999999992	0.3870136369367755	0.3884678179812927
43.99999999999992	0.3645335622717757	0.3645681667415536
44.99999999999992	0.343509543164416	0.3412942112665711
45.99999999999992	0.323689674086638	0.3185413640888006
46.99999999999992	0.3045191452365894	0.2962052113781511
47.99999999999992	0.2852823752417487	0.2741830710938769
48.99999999999992	0.2654309952922598	0.252374000690748
49.99999999999993	0.2448549148076266	0.2306805436281714
50.99999999999993	0.2236277627307538	0.2090158217672056
51.99999999999993	0.2020028089350059	0.1873192715855556
52.99999999999993	0.1802725450047731	0.1655795505267749
53.99999999999993	0.1584979237408533	0.143850840280841
54.99999999999993	0.136768451734095	0.1222393768291085
55.99999999999993	0.1151308285762138	0.100855086756981
56.99999999999994	0.09363366096379241	0.07976043204885227
57.99999999999994	0.07216537991241693	0.05895162301422334
58.99999999999994	0.05078832617374111	0.03837156929965841
59.99999999999994	0.02938208527486041	0.01793222468770642
60.99999999999994	0.00802547289900731	-0.002468907728350766
61.99999999999994	-0.01344968248275564	-0.02294080589631445
62.99999999999994	-0.03517119233103892	-0.04359671246204812
63.99999999999994	-0.05711341608013998	-0.0645543484465965
64.99999999999994	-0.07927601616726139	-0.08593578638762561
65.99999999999994	-0.1017888146077702	-0.1078643550277833
66.99999999999994	-0.1247466800930133	-0.1304560618230962
67.99999999999994	-0.1482744488577239	-0.1538052460386292
68.99999999999994	-0.1724376706196796	-0.1779714670226557
69.99999999999995	-0.1974278554817289	-0.2029838379224638
70.99999999999995	-0.2233123570058737	-0.2288734774349089
71.99999999999995	-0.2503055924357916	-0.2557168847328594
72.99999999999995	-0.2785519731554387	-0.2836570992114841
73.99999999999995	-0.3083169031055356	-0.3128915693906489
74.99999999999995	-0.3398247748587703	-0.3436410200009005
75.99999999999995	-0.3730433551867805	-0.3761124203537623
76.99999999999995	-0.4081250808585201	-0.4104553253199269
77.99999999999995	-0.445134623551823	-0.4467009414768754
78.99999999999995	-0.4836900231318946	-0.4846686807110137
79.99999999999995	-0.5232328631609981	-0.5238245688469134
80.99999999999995	-0.5624997130456094	-0.5630865875159815
81.99999999999995	-0.5995713563642982	-0.6006144310235097
82.99999999999995	-0.6316744787036654	-0.6337230910000498
83.99999999999995	-0.6556308985908747	-0.659194871696829
84.99999999999997	-0.6688846659270968	-0.6742188017763812
85.99999999999997	-0.6706253343778809	-0.6776541768311917
86.99999999999997	-0.6622240260989208	-0.6706565424731645
87.99999999999997	-0.6466864690087538	-0.6560555205982534
88.99999999999997	-0.6271634719065376	-0.6370786705166459
89.99999999999997	-0.6063036155892653	-0.616399715814665
90.99999999999997	-0.585864688886418	-0.5958299748880139
91.99999999999997	-0.5667744436201255	-0.576418540814066
92.99999999999997	-0.5496162194743776	-0.5586759554650357
93.99999999999997	-0.5345200072066638	-0.5427771974011352
94.99999999999997	-0.5213886078032428	-0.5287063606363012
95.99999999999997	-0.5101681919354074	-0.5163487564376104
96.99999999999997	-0.5005704178295397	-0.5055457550280805
97.99999999999997	-0.4924426788532953	-0.4961257746444566
98.99999999999997	-0.4855846785832256	-0.4879208043521933
99.99999999999997	-0.4798118869556738	-0.4807744763082263
100.9999999999999	-0.4749708601397774	-0.47454538278943
101.9999999999999	-0.4709102103416227	-0.4691078486092322
102.9999999999999	-0.4675080895623368	-0.4643514460058577
103.9999999999999	-0.4646611666491228	-0.4601799703349036
104.9999999999999	-0.4622823676900787	-0.4565102455508147
105.9999999999999	-0.4602859750041182	-0.4532709172794305
106.9999999999999	-0.4586197437946393	-0.4504012697023183
107.9999999999999	-0.4572178655448113	-0.4478500430917638
108.9999999999999	-0.4560336471599259	-0.4455742148505404
109.9999999999999	-0.4550568492579952	-0.4435377251686165
110.9999999999999	-0.4542092857948897	-0.4417101660267822
111.9999999999999	-0.4535008659988572	-0.4400654947523421
112.9999999999999	-0.4529062988129016	-0.4385808659876747
113.9999999999999	-0.4523921458021308	-0.4372356867531703
114.9999999999999	-0.4519617701784858	-0.4360109815031171
115.9999999999999	-0.4515751225247096	-0.43488910869459
117.	-0.4512313611990569	-0.4338538057467145
118.	-0.4509369384589875	-0.4328904705578786
119.	-0.4506523030677836	-0.4319865330095734
120.	-0.4503985192304568	-0.4311317465599553
121.	-0.4501512942449117	-0.4303182489558753
122.	-0.4499009050307851	-0.4295403022494498
123.	-0.449657448317019	-0.4287937129192734
124.	-0.4493981926033655	-0.4280750296036038
125.	-0.4490934496982299	-0.4273806913849588
126.	-0.4487824354774333	-0.4267063307717734
127.	-0.4484285145151429	-0.4260464109848252
128.	-0.4480173945177831	-0.42539430055794
129.	-0.4475587394685053	-0.424742777910001
130.	-0.4470363550165294	-0.4240848432225742
131.	-0.4464143293290328	-0.4234146273832256
132.	-0.4456979199301777	-0.4227281562860014
133.	-0.4448705227477359	-0.4220237684745019
134.	-0.4439494917227777	-0.4213020901315928
135.	-0.442879408749728	-0.4205656175186263
136.	-0.4416619956664023	-0.419818101020835
137.	-0.4403212115711536	-0.4190640211931493
138.	-0.4388305020535944	-0.41830845962513
139.	-0.4372068050259886	-0.4175575818332826
140.	-0.4355056892706539	-0.4168197780210219
141.	-0.4337230291451063	-0.4161072893105208
142.	-0.4319067802148098	-0.4154379394600823
143.	-0.4301408225151785	-0.4148364593391903
144.	-0.4284443171153241	-0.4143348849956108
145.	-0.4269300897563174	-0.4139716497990742
146.	-0.4256431607006837	-0.4137892516386437
147.	-0.4246560335935239	-0.4138306905578609
148.	-0.4240332749454044	-0.4141351533744278
149.	-0.4238086081615578	-0.414733593571646
150.	-0.4240162621441026	-0.4156448785398589
151.	-0.4246750350381193	-0.4168730599497275
152.	-0.4257358333257699	-0.418406110713755
153.	-0.4272008771912248	-0.4202162230446479
154.	-0.4290025823121783	-0.4222615310837909
155.	-0.4310499919645708	-0.4244889462706814
156.	-0.4333297263192196	-0.4268376924191504
157.	-0.4357287240197241	-0.4292431013675329
158.	-0.438181018967783	-0.4316402682518903
159.	-0.4406120401053056	-0.4339672493871347
159.9999999999999	-0.4429743479578293	-0.4361675938088805
160.9999999999999	-0.4451921143147246	-0.438192111267296
161.9999999999999	-0.4472094689740593	-0.4399998779521904
162.9999999999999	-0.4489848311854235	-0.4415585560646156
163.9999999999999	-0.4505002499827171	-0.4428441501944555
164.9999999999999	-0.4517245541194698	-0.4438403438221384
165.9999999999999	-0.4526548409154784	-0.4445375581232902
166.9999999999999	-0.4532654148205661	-0.4449318593221229
167.9999999999999	-0.4535800371910251	-0.4450238168649247
168.9999999999999	-0.4535641697728111	-0.4448173881877481
169.9999999999999	-0.4532664049974615	-0.4443188807882015
170.9999999999999	-0.4526632559384887	-0.4435360210429849
171.9999999999999	-0.4517655475668354	-0.4424771426889442
172.9999999999999	-0.4506062067309046	-0.4411504961298344
173.9999999999999	-0.449154359267978	-0.4395636721853724
174.9999999999999	-0.4474430538747644	-0.4377231296897868
175.9999999999999	-0.4454693280794712	-0.4356338146162087
176.9999999999999	-0.4432329450368666	-0.4332988583971071
177.9999999999999	-0.4407465274921612	-0.4307193441378136
178.9999999999999	-0.4379769061030374	-0.4278941311992274
179.9999999999999	-0.4349705503023921	-0.4248197306626577
180.9999999999999	-0.4316840733439736	-0.4214902266067039
181.9999999999999	-0.4280997806862082	-0.4178972404776857
182.9999999999999	-0.4242205373639154	-0.4140299385420315
183.9999999999999	-0.4200431593146649	-0.4098750848290696
184.9999999999999	-0.4155305722067235	-0.4054171447906796
185.9999999999999	-0.4106737415085278	-0.4006384472811164
186.9999999999999	-0.4054186251580148	-0.3955194152718915
187.9999999999999	-0.399766592903092	-0.3900388777586019
188.9999999999999	-0.3937070535750625	-0.3841744776261212
189.9999999999999	-0.3871991022951816	-0.377903191396152
190.9999999999999	-0.3801880159120075	-0.3712019771517531
191.9999999999999	-0.3726912852399019	-0.3640485654100648
192.9999999999999	-0.3646602292976884	-0.3564224035391691
193.9999999999999	-0.3560519964814185	-0.3483057566045916
194.9999999999999	-0.346860823677188	-0.339684955456104
195.9999999999999	-0.3370969877156358	-0.3305517656088314
196.9999999999999	-0.3267527246658522	-0.3209048289052515
197.9999999999999	-0.3158065951010666	-0.3107511042134097
198.9999999999999	-0.3042861682446029	-0.300107207702098
199.9999999999999	-0.2922139960231828	-0.2890005299420522
201.	-0.2796133529224826	-0.277469993557434
201.9999999999999	-0.266544883652563	-0.2655663156394486
203.	-0.2530566378438955	-0.2533516596044641
203.9999999999999	-0.2392197541628371	-0.2408986040323658
205.	-0.2251273322749454	-0.2282884186150064
205.9999999999999	-0.2108376865527538	-0.215608713299285
207.	-0.1964368949541581	-0.2029506035565617
207.9999999999999	-0.1820384435685939	-0.1904055985581797
209.	-0.1677446102829591	-0.1780624568188146
209.9999999999999	-0.1536490551220944	-0.1660042571134082
211.	-0.13981933789948	-0.1543059012699808
211.9999999999999	-0.1263946075547313	-0.1430322062816111
213.	-0.1134637344181289	-0.1322366684648993
213.9999999999999	-0.1011421087767902	-0.1219609066478567
215.	-0.08950087910323585	-0.1122347263756977
215.9999999999999	-0.07861961012921427	-0.1030767013140054
217.	-0.06859299991425305	-0.09449514359863098
217.9999999999999	-0.05946379499601477	-0.08648932985043927
219.	-0.05126852438807243	-0.07905086041061511
219.9999999999999	-0.04399945364584858	-0.07216504880126031
221.	-0.03764114527200584	-0.06581226277680246
221.9999999999999	-0.03217667042243258	-0.05996916232918672
223.	-0.02753187722049965	-0.05460980165304536
223.9999999999999	-0.02366535008948364	-0.04970657954418642
224.9999999999998	-0.02050244869318187	-0.04523103598283338
225.9999999999999	-0.01795373477959798	-0.04115450182177198
226.9999999999998	-0.01594053239808167	-0.03744861403572564
227.9999999999999	-0.01435130076280781	-0.034085712245608
228.9999999999998	-0.01312691015245966	-0.03103913306089295
229.9999999999999	-0.01218110045133771	-0.02828341863486002
230.9999999999998	-0.01145121210274318	-0.02579445466850102
231.9999999999999	-0.01087759811175426	-0.02354955152862423
232.9999999999998	-0.01041171648439811	-0.02152748043683183
234.	-0.01003814357809827	-0.01970847489448641
234.9999999999998	-0.009734580981464223	-0.01807420580412793
236.	-0.009468559184391442	-0.01660773734531357
236.9999999999998	-0.009233304216338328	-0.01529346921078184
238.	-0.009042038893938465	-0.01411706975941276
238.9999999999998	-0.008859953892408047	-0.01306540362612814
240.	-0.008685026319213121	-0.01212645656630004
240.9999999999998	-0.008534464414325386	-0.01128925962263511
242.	-0.008393389119277039	-0.01054381419172653
242.9999999999998	-0.008250914533696673	-0.009881019142471872
244.	-0.0081172052624051	-0.009292600785564063
244.9999999999998	-0.007997779733600208	-0.008771046228296617
246.	-0.007885251885159134	-0.008309540467169076
246.9999999999998	-0.007776443744413798	-0.007901907370286471
248.	-0.0076685269251807	-0.007542554619826048
248.9999999999998	-0.007566906017789389	-0.007226422576954042
250.	-0.007475810309380362	-0.006948936964384727
250.9999999999998	-0.007392257750357992	-0.00670596522862969
252.	-0.007315278035932045	-0.006493776406632275
252.9999999999998	-0.007234126330175834	-0.006309004297320506
254.	-0.007164416974565623	-0.006148613742233128
254.9999999999998	-0.007085523012914847	-0.006009869801521355
256.	-0.007022616596296222	-0.005890309621824095
256.9999999999998	-0.006966305895942643	-0.005787716796123949
258.	-0.00691565140177995	-0.005700098019199904
258.9999999999998	-0.006861644011855779	-0.005625661856511491
260.	-0.006824236258786734	-0.005562799451471702
260.9999999999998	-0.006765393676279097	-0.005510067006803971
262.	-0.006726358451171718	-0.005466169889105699
262.9999999999998	-0.006683493716238412	-0.005429948212655748
264.	-0.006647337681069582	-0.005400363772745356
264.9999999999998	-0.006611699149851901	-0.0053764882074006
266.	-0.006572617461012109	-0.005357492275584767
266.9999999999998	-0.006540537377616329	-0.005342636150613164
268.	-0.006506732272702442	-0.005331260635063921
268.9999999999998	-0.006485575415916598	-0.005322779211680331
270.	-0.006455150705453089	-0.00531667085278214
270.9999999999998	-0.00643635869852075	-0.005312473517019413
272.	-0.006409214178632431	-0.005309778269150358
272.9999999999998	-0.00638402470497892	-0.005308223963664246
274.	-0.006353345373206013	-0.005307492439843662
274.9999999999998	-0.006333299626844504	-0.005307304178682639
276.	-0.006307032123360325	-0.005307414379026696
276.9999999999998	-0.006285622601279631	-0.00530760941227472
278.	-0.006253888841276195	-0.005307703619706073
278.9999999999998	-0.006238352932426664	-0.005307536420235839
280.	-0.006211423983988296	-0.005306969698606487
280.9999999999999	-0.006191517699487733	-0.005305885447229073
282.	-0.006151441648246483	-0.005304183637620534
282.9999999999999	-0.006137555578694916	-0.005301780299356389
284.	-0.006107360929048586	-0.005298605787040373
284.9999999999999	-0.006079866919491684	-0.005294603216682442
286.	-0.006063606914472727	-0.005289727055764454
286.9999999999999	-0.006040214407544627	-0.005283941852478214
288.	-0.006014695534667078	-0.005277221089849463
288.9999999999999	-0.005984952067677863	-0.005269546154099307
290.	-0.00595867101277877	-0.005260905405214515
290.9999999999999	-0.005927759294732129	-0.005251293340544443
292.	-0.005901095372529233	-0.005240709842344653
292.9999999999999	-0.00586452164769355	-0.005229159500973545
294.	-0.005842836509243611	-0.005216651007062755
294.9999999999999	-0.005811607502609698	-0.005203196605378215
296.	-0.005781907845517677	-0.005188811604791949
296.9999999999999	-0.005757144999350555	-0.005173513939193193
298.	-0.005725192519074933	-0.005157323773658745
298.9999999999999	-0.005694769287672318	-0.005140263152538072
300.	-0.005665091206973395	-0.005122355684457343
300.9999999999999	-0.005630110113474273	-0.005103626261376311
302.	-0.005591416874910304	-0.005084100808008543
302.9999999999999	-0.00555603027014536	-0.005063806058620222
304.	-0.005530781440190917	-0.005042769358934632
304.9999999999999	-0.005499827296883863	-0.005021018490209946
306.	-0.005462962111032409	-0.004998581513596699
306.9999999999999	-0.005416875822210683	-0.004975486632888557
308.	-0.005387418759387341	-0.004951762073225914
308.9999999999999	-0.005352716330154599	-0.004927435975136574
310.	-0.005319622747158954	-0.004902536301573139
310.9999999999999	-0.005290570341087175	-0.004877090756805681
312.	-0.005243116897337279	-0.004851126716689381
312.9999999999999	-0.005218143075725844	-0.004824671167693231
314.	-0.005181612571778898	-0.004797750655402052
314.9999999999999	-0.005139228034167299	-0.00477039124045602
316.	-0.00509533925284247	-0.004742618461498447
316.9999999999999	-0.005062712706233461	-0.004714457304318355
318.	-0.00502267551795744	-0.004685932176935348
318.9999999999999	-0.004991180082551212	-0.004657066888924784
320.	-0.004967123213088986	-0.004627884636173823
320.9999999999999	-0.004929351168006741	-0.004598407988621205
322.	-0.004888022369365129	-0.004568658882220265
322.9999999999999	-0.004846746336060989	-0.004538658613628721
324.	-0.004813122648568108	-0.004508427837934023
324.9999999999999	-0.00476445442566286	-0.004477986568307968
326.	-0.004729993553894975	-0.00444735417855745
326.9999999999999	-0.00470585201615919	-0.004416549406692973
328.	-0.004658344124484526	-0.00438559036092727
328.9999999999999	-0.004627212492058195	-0.004354494526318102
330.	-0.004600403211760295	-0.004323278773459305
330.9999999999999	-0.004557768559291764	-0.004291959367342479
332.	-0.004518169064028119	-0.004260551977957527
332.9999999999999	-0.004472774878211114	-0.004229071690941379
334.	-0.00443741784589447	-0.004197533019294069
334.9999999999999	-0.004406130647786685	-0.004165949915502024
336.	-0.004365156656329195	-0.004134335783915241
336.9999999999999	-0.004333239253826333	-0.004102703493776725
338.	-0.004294458458771265	-0.004071065392076092
338.9999999999999	-0.004255213065783814	-0.0040394333170319
340.	-0.004226501767702657	-0.004007818611302508
340.9999999999999	-0.004183357628421775	-0.00397623213545704
342.	-0.004140885115855834	-0.003944684281473711
343.	-0.004103374721525772	-0.00391318498602571
344.	-0.004072136672681099	-0.003881743743893363
345.	-0.004038465809449255	-0.003850369621169403
346.0000000000001	-0.003998562675978495	-0.003819071268263829
347.	-0.003971780861988624	-0.003787856932850712
348.0000000000001	-0.003931815702159536	-0.003756734472680121
349.	-0.003888006325287461	-0.003725711368105887
350.0000000000001	-0.003869129796525345	-0.003694794734118948
351.	-0.003841400197024799	-0.003663991332908143
352.0000000000001	-0.003802583257422193	-0.003633307585221142
353.	-0.00376523456543671	-0.003602749582246976
353.9999999999998	-0.003725924030788461	-0.00357232309703342
355.	-0.003689413766299885	-0.003542033595169874
355.9999999999998	-0.003665955065467523	-0.003511886245907173
357.	-0.003623212810224443	-0.00348188593258258
357.9999999999998	-0.003593433830342778	-0.003452037263003056
359.	-0.003563525135303244	-0.003422344579106111
359.9999999999998	-0.003528206516649578	-0.003392811967135848
361.	-0.003502528763673501	-0.003363443266704559
361.9999999999998	-0.003457505391734107	-0.003334242080254704
363.	-0.003424215028964471	-0.003305211781732299
363.9999999999998	-0.003403739319823154	-0.003276355525400548
365.	-0.003374951182156259	-0.003247676254281241
365.9999999999998	-0.003339591924758056	-0.003219176708139001
367.	-0.00330344776289477	-0.0031908594313835
367.9999999999998	-0.003272911921402004	-0.003162726780915262
369.	-0.00324967552418419	-0.003134780933288433
369.9999999999998	-0.003217347120619014	-0.003107023892037548
371.	-0.00317848543520237	-0.003079457494507563
371.9999999999998	-0.003155732634459227	-0.003052083418518748
373.	-0.003137513632578187	-0.003024903189292096
373.9999999999998	-0.003089848708987099	-0.002997918184936983
375.	-0.003072095767952508	-0.002971129643261331
375.9999999999998	-0.003040270433330333	-0.002944538667090538
377.	-0.003005320555268622	-0.002918146230359785
377.9999999999998	-0.002977509394001147	-0.002891953183265611
379.	-0.0029464951819377	-0.002865960257562656
379.9999999999998	-0.002914248266182117	-0.002840168071967735
381.	-0.002892768569065326	-0.002814577136573694
381.9999999999998	-0.002869820969235342	-0.002789187857992251
383.	-0.002840431435399777	-0.00276400054386341
383.9999999999998	-0.00281590777068793	-0.002739015406976441
385.	-0.002787041509403131	-0.002714232569885144
385.9999999999998	-0.002768598852449657	-0.002689652068792742
387.	-0.002736520483071949	-0.002665273857639801
387.9999999999998	-0.002705948593550975	-0.002641097811682197
389.	-0.002677865564291902	-0.002617123731416355
389.9999999999998	-0.002658643804868587	-0.00259335134599496
391.	-0.002627171031565555	-0.002569780316568708
391.9999999999998	-0.00260182018725399	-0.002546410239687908
393.	-0.002585557122908319	-0.002523240650177171
393.9999999999998	-0.002568202673984567	-0.002500271024674505
395.	-0.002537011923394703	-0.002477500783984944
395.9999999999998	-0.002513468985503654	-0.002454929296471272
397.	-0.002488885448263143	-0.002432555880040037
397.9999999999998	-0.002469078032338669	-0.002410379805495294
399.	-0.002436045809094844	-0.002388400298357034
399.9999999999998	-0.002414847306521798	-0.002366616541943
401.	-0.002402662928332732	-0.002345027679031573
401.9999999999998	-0.002374307655555861	-0.002323632814514739
403.	-0.002355903256257284	-0.002302431017326446
403.9999999999998	-0.002329596063192757	-0.002281421322742914
405.	-0.002294687356195007	-0.002260602733934111
405.9999999999999	-0.002277885158019174	-0.002239974224168537
407.	-0.002255409908907684	-0.002219534738671164
407.9999999999999	-0.002238180250448034	-0.00219928319608638
409.	-0.002216232865997862	-0.002179218490424212
409.9999999999999	-0.002195328926195296	-0.002159339492557786
411.	-0.00216964449607989	-0.002139645051707765
411.9999999999999	-0.00214894529775215	-0.002120133997095932
413.	-0.00213208237296584	-0.002100805139104275
413.9999999999999	-0.002108325011085983	-0.002081657270916852
415.	-0.002099878707288968	-0.002062689169588712
415.9999999999999	-0.002084757878679559	-0.002043899597695074
417.	-0.00206667214220625	-0.002025287303713318
417.9999999999999	-0.002035736977235046	-0.002006851024228944
419.	-0.002017268938208677	-0.001988589484173038
419.9999999999999	-0.001998207854869897	-0.001970501398363828
421.	-0.001972812187466138	-0.001952585472316954
421.9999999999999	-0.0019413336559293	-0.001934840403326809
423.	-0.001936751888746037	-0.001917264881193242
423.9999999999999	-0.001914300987889673	-0.00189985758936419
425.	-0.001904408876865701	-0.001882617205614053
425.9999999999999	-0.001868958404712473	-0.001865542402781238
427.	-0.001862645133537894	-0.001848631849950687
427.9999999999999	-0.001848191544873317	-0.001831884212476466
429.	-0.001824303710654587	-0.001815298153532163
429.9999999999999	-0.001811743412390987	-0.001798872334073068
431.	-0.001796814480466033	-0.001782605413887469
431.9999999999999	-0.001783476317852593	-0.001766496052096059
433.	-0.001765201917541622	-0.00175054290762932
433.9999999999999	-0.001735417765802659	-0.00173474464002752
435.	-0.001728612617496961	-0.001719099909728891
435.9999999999999	-0.001702725712082488	-0.001703607378752419
437.	-0.001684780617807652	-0.001688265711005492
437.9999999999999	-0.001666863761005336	-0.001673073572998035
439.	-0.001655323376994091	-0.001658029633882681
439.9999999999999	-0.001643095184604611	-0.001643132566473402
441.	-0.001623629350632341	-0.001628381046965262
441.9999999999999	-0.001608811714166083	-0.001613773755734406
443.	-0.001606999764318089	-0.001599309377585517
443.9999999999999	-0.001588127598427013	-0.001584986602012442
445.	-0.001575623650657177	-0.001570804123740676
445.9999999999999	-0.001552010458046073	-0.001556760642787848
447.	-0.001542998746600658	-0.00154285486463036
447.9999999999999	-0.001529941368273918	-0.001529085501156421
449.	-0.001504540670437287	-0.001515451269856074
449.9999999999999	-0.001490860185627924	-0.00150195089523878
451.	-0.001483290274162439	-0.001488583108016999
451.9999999999999	-0.001469864243419105	-0.001475346645964347
453.	-0.00146145331867947	-0.001462240253853762
453.9999999999999	-0.001439608899136043	-0.001449262683765356
455.	-0.001438866983532967	-0.001436412695176
455.9999999999999	-0.001416077033412979	-0.001423689055244842
457.	-0.001399790357190411	-0.001411090538556562
457.9999999999999	-0.001389990616868439	-0.001398615928124057
459.	-0.001369630792899908	-0.001386264014526955
459.9999999999999	-0.001354801610150541	-0.00137403359654485
461.	-0.001351505265868756	-0.001361923481412039
461.9999999999999	-0.00133405858194886	-0.001349932484615228
463.	-0.001331195360388853	-0.001338059430167318
463.9999999999999	-0.001314106909891561	-0.001326303150470083
465.	-0.001299766505919626	-0.00131466248669517
465.9999999999999	-0.001280815641208401	-0.001303136288630788
467.	-0.00127132597781542	-0.00129172341503574
468.	-0.001263296282707612	-0.001280422733170245
469.	-0.001256783132096523	-0.001269233119402423
470.	-0.001245979681387334	-0.001258153458967565
471.0000000000001	-0.00122528842826255	-0.001247182646103746
472.	-0.001211261621894597	-0.001236319584147971
473.0000000000001	-0.001206500720776897	-0.001225563185086483
474.	-0.001195655886622177	-0.0012149123703775
475.0000000000001	-0.001183913306984362	-0.001204366070501182
476.	-0.001171580066018337	-0.001193923224804224
477.0000000000001	-0.001158277106154434	-0.001183582781922837
478.	-0.001150148246577487	-0.001173343699576607
479.0000000000001	-0.001144222216224222	-0.001163204944521517
480.	-0.001134389252799084	-0.001153165492713261
480.9999999999998	-0.001122796348982721	-0.001143224329064494
482.	-0.001110458349215996	-0.001133380447970863
482.9999999999998	-0.001105194231329149	-0.001123632852355502
484.	-0.001099048421547333	-0.001113980554618854
484.9999999999998	-0.001086828661269483	-0.001104422575979262
486.	-0.00106755935159337	-0.001094957946862855
486.9999999999998	-0.001061909240569577	-0.001085585706554664
488.	-0.001046765601220969	-0.001076304903490915
488.9999999999998	-0.001041043549043795	-0.001067114594663923
490.	-0.001026329540721457	-0.001058013846414635
490.9999999999998	-0.001021208605020476	-0.001049001733793853
492.	-0.001012915523954992	-0.00104007734063606
492.9999999999998	-0.001004306776371476	-0.001031239759568615
494.	-0.0009946781512084202	-0.001022488092087961
494.9999999999998	-0.0009892406166396659	-0.001013821448301277
496.	-0.0009797101047068978	-0.001005238947110348
496.9999999999998	-0.0009686286168475203	-0.0009967397158907481
498.	-0.0009517261499106162	-0.0009883228906983135
498.9999999999998	-0.0009513089674862989	-0.0009799876161230634
500.	-0.0009375206791499942	-0.0009717330452386162
500.9999999999998	-0.0009295293355193292	-0.0009635583394925577
502.	-0.0009209810455211008	-0.0009554626686129115
502.9999999999998	-0.0009088999075174516	-0.0009474452111052978
504.	-0.0009054319503842817	-0.0009395051530447552
504.9999999999998	-0.0009021579222701402	-0.000931641689475115
506.	-0.0008835273034397999	-0.0009238540228924948
506.9999999999998	-0.0008749460444230776	-0.0009161413644956969
508.	-0.0008816577852311794	-0.0009085029330743453
508.9999999999998	-0.0008641534679518105	-0.0009009379556770137
510.	-0.0008542986524710364	-0.0008934456671760609
510.9999999999998	-0.0008448053838173047	-0.0008860253104941159
512.	-0.0008415251343533525	-0.0008786761358785578
512.9999999999998	-0.0008316115374251361	-0.0008713974019413901
514.	-0.0008275567557109938	-0.0008641883744655588
514.9999999999998	-0.0008169715394252156	-0.0008570483272413068
516.	-0.0008109031303399482	-0.0008499765414221758
516.9999999999998	-0.0008085580588312956	-0.0008429723055996322
518.	-0.0007947771235377059	-0.0008360349160344243
518.9999999999998	-0.00078243167982604	-0.0008291636761453368
520.	-0.0007838532572138035	-0.0008223578967795302
520.9999999999998	-0.0007691541602867236	-0.0008156168959960174
522.	-0.0007713727624703958	-0.0008089399990084411
522.9999999999998	-0.0007649382870172286	-0.0008023265383067969
524.	-0.0007605562726904563	-0.000795775853364922
524.9999999999998	-0.0007502472091525008	-0.0007892872903254162
526.	-0.000742423455443765	-0.0007828602028845878
526.9999999999998	-0.0007414432325702779	-0.0007764939512594009
528.	-0.0007320871752014622	-0.0007701879023837147
528.9999999999998	-0.0007252303698389671	-0.0007639414300071244
530.	-0.0007203825329140416	-0.0007577539147339889
530.9999999999998	-0.000705240148347719	-0.0007516247436818941
532.	-0.0007071306822328098	-0.0007455533104141277
532.9999999999998	-0.0007002487003144452	-0.0007395390152885134
534.	-0.0006930186107872852	-0.0007335812647006516
534.9999999999998	-0.0006808550763865248	-0.0007276794717335303
536.	-0.0006760918315539079	-0.0007218330555222823
536.9999999999998	-0.0006720911986781833	-0.0007160414418571221
538.	-0.0006615781762363839	-0.000710304062191521
538.9999999999998	-0.000659601155813324	-0.0007046203544998005
540.	-0.0006540408560027572	-0.0006989897626685772
540.9999999999998	-0.0006535385320132137	-0.0006934117366942811
542.	-0.0006381362502357058	-0.0006878857322691803
542.9999999999998	-0.0006300169411326738	-0.0006824112112006674
544.	-0.0006263737927606486	-0.0006769876411402162
544.9999999999998	-0.0006223173456520767	-0.000671614495347353
546.	-0.0006243205896493124	-0.0006662912528584097
546.9999999999998	-0.0006229025539021285	-0.0006610173985008341
548.	-0.0006082837672833444	-0.0006557924223424673
548.9999999999998	-0.000604111610776739	-0.000650615820398306
550.	-0.000602380730487472	-0.0006454870939840334
550.9999999999998	-0.0005909323770004112	-0.0006404057496105707
552.	-0.0005778651651969166	-0.0006353712996237377
552.9999999999998	-0.000572917885166953	-0.000630383261250532
554.	-0.0005697453572830709	-0.0006254411572661174
554.9999999999998	-0.0005712022597589691	-0.0006205445154278385
556.	-0.000572454276632088	-0.000615692868720938
556.9999999999998	-0.0005731570052905522	-0.0006108857552606636
558.	-0.0005610274475039976	-0.0006061227180414496
558.9999999999998	-0.0005538031301763364	-0.0006014033054441461
560.	-0.0005528131212791291	-0.0005967270701824876
561.	-0.0005421217291706754	-0.0005920935703885873
562.	-0.0005426314686014033	-0.0005875023684308406
563.	-0.0005283231503670796	-0.0005829530322424911
564.	-0.0005303010962079673	-0.0005784451336471591
565.	-0.0005186412530322659	-0.0005739782498113994
566.0000000000001	-0.0005115221957264824	-0.0005695519620246813
567.	-0.000506646950938072	-0.0005651658565240047
568.0000000000001	-0.0005006667977109808	-0.0005608195238097146
569.	-0.0005009924028873451	-0.0005565125587386746
570.0000000000001	-0.0004979927094792248	-0.0005522445611189227
571.	-0.0004893329413181659	-0.0005480151345312518
572.0000000000001	-0.0004907589260857597	-0.0005438238872755784
573.	-0.0004872096251730486	-0.0005396704317076676
574.0000000000001	-0.0004865725790223834	-0.0005355543844639599
575.	-0.0004753247224385738	-0.0005314753664813244
576.0000000000001	-0.0004645623746461573	-0.0005274330027576087
577.	-0.0004567580736688809	-0.0005234269223763036
578.0000000000001	-0.0004473350526539335	-0.000519456758355476
579.	-0.0004544713266969395	-0.0005155221479959649
580.0000000000001	-0.0004550118505541915	-0.0005116227321521071
581.	-0.0004417476370327308	-0.0005077581561715011
582.0000000000001	-0.0004437198224471277	-0.0005039280685393667
583.	-0.0004461625464789448	-0.0005001321222096151
584.0000000000001	-0.000440117283965837	-0.000496369973504026
585.	-0.0004322251939247648	-0.00049264128270978
586.0000000000001	-0.0004284632826751944	-0.0004889457137458749
587.	-0.0004375908369910047	-0.0004852829341632623
588.0000000000001	-0.0004264575792491973	-0.0004816526152856277
589.	-0.0004245153962899243	-0.000478054431656781
590.0000000000001	-0.0004147128733415132	-0.0004744880617973627
591.	-0.0004238508385955365	-0.0004709531874546955
592.0000000000001	-0.0004142830547670714	-0.0004674494938446027
593.	-0.0004082479835933197	-0.0004639766696499165
594.0000000000001	-0.0004075138581790817	-0.0004605344071082764
595.	-0.0004001931793602544	-0.0004571224013591512
596.0000000000001	-0.0003967461284245897	-0.0004537403513465533
597.	-0.0003929235689763155	-0.000450387958899756
598.0000000000001	-0.0003916615635883164	-0.0004470649292838835
599.	-0.0003887013680273439	-0.0004437709711075094
600.0000000000001	-0.0003951286561362346	-0.0004405057956155009
601.	-0.0003829229717754184	-0.0004372691177783611
602.0000000000001	-0.0003716611549051154	-0.0004340606551751053
603.	-0.0003730735630776677	-0.0004308801287459541
604.0000000000001	-0.0003689607616292981	-0.0004277272622030732
605.	-0.0003688932125066396	-0.0004246017825944603
606.0000000000001	-0.0003570856203372832	-0.0004215034196511957
607.	-0.0003587500978667329	-0.0004184319061054573
607.9999999999998	-0.0003549564864750598	-0.0004153869773903901
609.	-0.0003504410387847639	-0.0004123683721134081
609.9999999999998	-0.0003441797580191566	-0.0004093758314585356
611.	-0.0003449408244898525	-0.0004064090995176491
611.9999999999998	-0.0003451394171324588	-0.0004034679230916345
613.	-0.000344675996442483	-0.0004005520517337504
613.9999999999998	-0.0003353836931930441	-0.0003976612376525033
615.	-0.0003345227472571241	-0.0003947952355488851
615.9999999999998	-0.0003328510431553947	-0.0003919538033041654
617.	-0.0003345259645180909	-0.0003891367007655542
617.9999999999998	-0.0003286833502973011	-0.0003863436907871348
619.	-0.0003322687256334708	-0.0003835745384754712
619.9999999999998	-0.0003323893518841502	-0.0003808290117175999
621.	-0.0003205030399866915	-0.0003781068808646162
621.9999999999998	-0.0003156775224266598	-0.000375407918380586
623.	-0.0003094492585329929	-0.0003727318994463033
623.9999999999998	-0.000313653892179841	-0.0003700786016400348
625.	-0.0003110969473180722	-0.0003674478049858973
625.9999999999998	-0.000300613072651632	-0.000364839291608799
627.	-0.000298004348679867	-0.0003622528462272192
627.9999999999998	-0.0002970569687492029	-0.0003596882555410292
629.	-0.0002950451077585354	-0.0003571453089418522
629.9999999999998	-0.000295540993825279	-0.0003546237976210173
631.	-0.0002921188441222788	-0.0003521235153334379
631.9999999999998	-0.0002862605098885369	-0.0003496442578452183
633.	-0.0002787621039855304	-0.0003471858230754029
633.9999999999998	-0.0002813887582840839	-0.0003447480113439338
635.	-0.0002871436870154127	-0.0003423306247577297
635.9999999999998	-0.0002864538382860941	-0.0003399334675329455
637.	-0.0002899878160318004	-0.0003375563464495254
637.9999999999998	-0.0002813310387667309	-0.0003351990695194917
639.	-0.0002762196625581642	-0.0003328614477746437
639.9999999999998	-0.0002722892986027986	-0.0003305432932055287
641.	-0.0002568086963524389	-0.0003282444205079563
641.9999999999998	-0.0002562633649951851	-0.0003259646460520873
643.	-0.0002537971193560757	-0.0003237037883614535
643.9999999999998	-0.0002571679291347392	-0.0003214616676602065
645.	-0.0002579876649381778	-0.000319238105995401
645.9999999999998	-0.0002606182048155451	-0.0003170329274131117
647.	-0.0002492929151815378	-0.000314845957997926
647.9999999999998	-0.0002538656685480166	-0.0003126770254675398
649.	-0.0002485547509718945	-0.0003105259591189734
649.9999999999998	-0.0002481707518752629	-0.0003083925903269462
651.	-0.0002420916379509807	-0.0003062767523026945
651.9999999999998	-0.0002369925038140149	-0.0003041782798897399
653.	-0.0002429396100627481	-0.0003020970095659373
653.9999999999998	-0.0002371004922896419	-0.0003000327796830679
655.	-0.0002365912158163867	-0.0002979854300790573
655.9999999999998	-0.0002300627107382423	-0.0002959548024522843
657.	-0.0002302268992621639	-0.0002939407402030476
657.9999999999998	-0.0002317722105875515	-0.000291943088082964
659.	-0.0002274349839914643	-0.000289961692623035
659.9999999999998	-0.0002269878410229865	-0.0002879964020978627
661.	-0.0002216430461430741	-0.0002860470660945571
661.9999999999998	-0.000217289512369872	-0.0002841135356858526
663.	-0.0002087026304279128	-0.0002821956642661553
663.9999999999998	-0.0002137662130165328	-0.0002802933054998823
665.	-0.0002073172806732397	-0.0002784063155801218
665.9999999999998	-0.000208338523837835	-0.0002765345518667679
667.	-0.0002095117294275482	-0.0002746778730672215
667.9999999999998	-0.0002060467344257929	-0.0002728361395192628
669.	-0.000199994581408838	-0.0002710092128743141
669.9999999999998	-0.0002061419365742538	-0.0002691969561687848
671.	-0.0002074782130781963	-0.0002673992341938405
671.9999999999998	-0.0002015523214986247	-0.0002656159127191329
673.	-0.0002028783417215797	-0.0002638468592243377
673.9999999999998	-0.0001965248647050726	-0.0002620919421060416
675.	-0.0001974914551332574	-0.0002603510316680474
675.9999999999998	-0.0001958123212528794	-0.0002586239992287055
677.	-0.0001940285376205754	-0.0002569107173553248
677.9999999999998	-0.0001831039987704307	-0.0002552110601408052
679.	-0.000187062211555263	-0.0002535249027077515
679.9999999999998	-0.0001914845671729272	-0.0002518521219470579
681.	-0.0001835919035061741	-0.0002501925953241424
681.9999999999998	-0.0001828719001139544	-0.0002485462021369653
683.	-0.0001793975798439804	-0.0002469128224748725
683.9999999999998	-0.0001713551758885671	-0.0002452923379997707
685.	-0.0001836690813841639	-0.0002436846313098632
686.	-0.0001824059576897861	-0.0002420895864893245
687.	-0.0001745730241000527	-0.0002405070885416456
688.	-0.0001626547082012275	-0.0002389370236981105
689.	-0.0001633152281632867	-0.0002373792793416796
690.	-0.0001653462067293183	-0.0002358337440330202
691.0000000000001	-0.0001726408884941558	-0.0002343003074912202
692.	-0.0001705393323404533	-0.0002327788606492241
693.0000000000001	-0.0001738299797774555	-0.0002312692950640015
694.	-0.0001700004381901554	-0.0002297715039696734
695.0000000000001	-0.0001640749755137715	-0.0002282853814253614
696.	-0.0001616665907129469	-0.0002268108224930774
697.0000000000001	-0.0001638254010688935	-0.0002253477234776575
698.	-0.0001602064533378775	-0.0002238959813047637
699.0000000000001	-0.0001600873874382825	-0.0002224554946175265
700.	-0.0001646103873761009	-0.0002210261625963757
701.0000000000001	-0.0001562825725007935	-0.0002196078854019375
702.	-0.0001640304725023459	-0.0002182005643885924
703.0000000000001	-0.0001570060008854649	-0.0002168041018927744
704.	-0.0001534165611650321	-0.0002154184010879014
705.0000000000001	-0.0001546058604011851	-0.0002140433664320377
706.	-0.0001551973226405918	-0.000212678902824234
707.0000000000001	-0.0001437085376844866	-0.0002113249166145498
708.	-0.0001523097791292764	-0.0002099813145877167
709.0000000000001	-0.0001549421836401113	-0.000208648005013161
710.	-0.000151337119115431	-0.0002073248965823195
711.0000000000001	-0.0001534593900493877	-0.0002060118992944001
712.	-0.0001412199452986999	-0.0002047089237028552
713.0000000000001	-0.0001406369213250925	-0.0002034158815436261
714.	-0.0001344037997183044	-0.0002021326851094398
715.0000000000001	-0.0001397624713406267	-0.000200859247871092
716.	-0.0001411656504227608	-0.0001995954839764581
717.0000000000001	-0.0001314929649036737	-0.0001983413084904252
718.	-0.0001297352277739572	-0.0001970966370092283
719.0000000000001	-0.0001280315576600107	-0.0001958613865673912
720.	-0.0001259919213190851	-0.0001946354746782143
721.0000000000001	-0.0001251417056118571	-0.0001934188194486431
722.	-0.0001296086708322691	-0.0001922113402023813
723.0000000000001	-0.0001262641904852069	-0.000191012956799631
724.	-0.0001264823323350097	-0.0001898235899394912
725.0000000000001	-0.0001299829332417095	-0.0001886431612216069
726.	-0.0001298729895187359	-0.0001874715927776708
727.0000000000001	-0.0001300768780985634	-0.0001863088077109786
728.	-0.0001281097603037455	-0.000185154729519569
729.0000000000001	-0.0001262916527208788	-0.0001840092832054244
730.	-0.0001251865736490253	-0.0001828723938651886
731.0000000000001	-0.0001278592762772089	-0.0001817439872018215
732.	-0.000123121150998306	-0.0001806239901954332
733.0000000000001	-0.0001121957387535717	-0.0001795123299870581
734.	-0.0001241713735632883	-0.0001784089350793089
735.0000000000001	-0.0001246167984771087	-0.0001773137341460547
736.	-0.0001184709940332993	-0.0001762266563795407
736.9999999999998	-0.000121051443087592	-0.0001751476325051567
738.	-0.000116091087296083	-0.000174076592979293
738.9999999999998	-0.0001164687773470693	-0.0001730134694069684
740.	-0.0001105711849447329	-0.0001719581943658944
740.9999999999998	-0.0001079860999269673	-0.0001709107000504018
742.	-0.0001037160363730626	-0.0001698709203698748
742.9999999999998	-0.0001103961364614998	-0.0001688387894931582
744.	-0.0001118264587732953	-0.0001678142419905003
744.9999999999998	-0.000103458079807347	-0.00016679721339604
746.	-0.00009938277191678355	-0.0001657876396150206
746.9999999999998	-0.00009893353770602926	-0.000164785457445866
748.	-0.00009896570373791458	-0.0001637906040012185
748.9999999999998	-0.0001040755805599081	-0.0001628030172297169
750.	-0.0001076127484056078	-0.0001618226354018438
750.9999999999998	-0.0001017181821144789	-0.0001608493977099588
752.	-0.00009034310959031848	-0.0001598832436211589
752.9999999999998	-0.0001006986248302274	-0.0001589241133495419
754.	-0.00009090872367220159	-0.0001579719476879394
754.9999999999998	-0.00009090581860148206	-0.0001570266877825917
756.	-0.00008998861039616901	-0.0001560882757576046
756.9999999999998	-0.00009518355570542373	-0.0001551566539034522
758.	-0.000092963621681294	-0.000154231765257346
758.9999999999998	-0.0000846974794249604	-0.0001533135533232008
760.	-0.00008394394947836582	-0.0001524019620201961
760.9999999999998	-0.00009039152311855989	-0.0001514969358950584
762.	-0.00008641391202607888	-0.0001505984203506852
762.9999999999998	-0.00008197097841957873	-0.0001497063606720735
764.	-0.00009196451276211632	-0.0001488207032087931
764.9999999999998	-0.00009147995695694734	-0.0001479413943879585
766.	-0.00009124748224009497	-0.0001470683816069886
766.9999999999998	-0.00009057176952432708	-0.0001462016124285232
768.	-0.00008553824701819926	-0.0001453410346444808
768.9999999999998	-0.00008202601906269915	-0.0001444865973137348
770.	-0.00008264839116830594	-0.0001436382492981382
770.9999999999998	-0.00007609649822922337	-0.0001427959405530785
772.	-0.00007389601658316174	-0.0001419596203724789
772.9999999999998	-0.00007422139638434791	-0.0001411292398734388
774.	-0.00006996399532670664	-0.0001403047498594367
774.9999999999998	-0.00007472920410717341	-0.0001394861016794089
776.	-0.00007656552996177842	-0.0001386732473607454
776.9999999999998	-0.00007636176506316975	-0.0001378661392372489
778.	-0.00007774989638500374	-0.0001370647299412853
778.9999999999998	-0.00007475511824297081	-0.0001362689726342617
780.	-0.00007970435638102146	-0.0001354788212706335
780.9999999999998	-0.00007686240502409276	-0.0001346942296731428
782.	-0.0000705106737194842	-0.0001339151525547155
782.9999999999998	-0.00007648289909523409	-0.0001331415445129239
784.	-0.00007101878343814296	-0.0001323733610488862
784.9999999999998	-0.00007448263926543734	-0.0001316105581099657
786.	-0.00007470700678896606	-0.0001308530915683072
786.9999999999998	-0.0000583708572694548	-0.000130100918202247
788.	-0.00006644323118469945	-0.0001293539948844603
788.9999999999998	-0.00007264474304947368	-0.000128612278895565
790.	-0.00006524937117315194	-0.0001278757282014717
790.9999999999998	-0.00006716536897675142	-0.0001271443006357752
792.	-0.00007267392490307294	-0.0001264179548910496
792.9999999999998	-0.00007017933971669378	-0.0001256966499443204
794.	-0.00006365757248307047	-0.0001249803452698175
794.9999999999998	-0.00006321677349704354	-0.0001242690000729232
796.	-0.00006551233261298999	-0.0001235625744029432
796.9999999999998	-0.00006728477589998307	-0.0001228610289082054
798.	-0.00006692013771183948	-0.0001221643241730457
798.9999999999998	-0.0000581056914285645	-0.0001214724216061303
800.	-0.00006394037304944597	-0.0001207852822479525