-1	-4.50074345014738E-05
-0.999	-4.52169097003211E-05
-0.998	-4.54275752661183E-05
-0.997	-4.56394393452396E-05
-0.996	-4.58525096936891E-05
-0.995	-4.60667945581263E-05
-0.994	-4.62823021060985E-05
-0.993	-4.64990402402836E-05
-0.992	-4.67170172992871E-05
-0.991	-4.69362417141658E-05
-0.99	-4.71567216740826E-05
-0.989	-4.73784659278247E-05
-0.988	-4.7601482712073E-05
-0.987	-4.78257805673893E-05
-0.986	-4.80513681082507E-05
-0.985	-4.82782541048961E-05
-0.984	-4.85064473839708E-05
-0.983	-4.87359565937242E-05
-0.982	-4.89667907024475E-05
-0.981	-4.91989590016208E-05
-0.98	-4.94324698223336E-05
-0.979	-4.96673329652244E-05
-0.978	-4.9903557130487E-05
-0.977	-5.0141151685409E-05
-0.976	-5.03801260885528E-05
-0.975	-5.06204898190097E-05
-0.974	-5.08622518838489E-05
-0.973	-5.11054221590526E-05
-0.972	-5.13500102334847E-05
-0.971	-5.15960255984019E-05
-0.97	-5.18434782513773E-05
-0.969	-5.20923777299939E-05
-0.968	-5.23427343587828E-05
-0.967	-5.25945577167764E-05
-0.966	-5.28478581170861E-05
-0.965	-5.31026456978087E-05
-0.964	-5.335893073609E-05
-0.963	-5.36167233286256E-05
-0.962	-5.38760338932702E-05
-0.961	-5.41368730140358E-05
-0.96	-5.4399251146404E-05
-0.959	-5.46631789303356E-05
-0.958	-5.49286673573228E-05
-0.957	-5.51957267275657E-05
-0.956	-5.54643683134973E-05
-0.955	-5.57346030076009E-05
-0.954	-5.60064417666122E-05
-0.953	-5.62798958316994E-05
-0.952	-5.65549764463954E-05
-0.951	-5.68316949628224E-05
-0.95	-5.71100623983572E-05
-0.949	-5.73900909050597E-05
-0.948	-5.76717917092347E-05
-0.947	-5.79551766393193E-05
-0.946	-5.82402572787833E-05
-0.945	-5.85270457633105E-05
-0.944	-5.88155537629757E-05
-0.943	-5.9105793535706E-05
-0.942	-5.93977772431103E-05
-0.941	-5.96915172258414E-05
-0.94	-5.99870256232681E-05
-0.939	-6.02843150268587E-05
-0.938	-6.05833980605939E-05
-0.937	-6.08842871819889E-05
-0.936	-6.11869953914629E-05
-0.935	-6.14915354702249E-05
-0.934	-6.17979202545508E-05
-0.933	-6.21061630283089E-05
-0.932	-6.24162767820591E-05
-0.931	-6.27282749282954E-05
-0.93	-6.30421709108656E-05
-0.929	-6.33579779418618E-05
-0.928	-6.36757099545433E-05
-0.927	-6.39953805174972E-05
-0.926	-6.43170033748863E-05
-0.925	-6.46405927727938E-05
-0.924	-6.49661625134413E-05
-0.923	-6.52937269617423E-05
-0.922	-6.56233002383841E-05
-0.921	-6.59548968047992E-05
-0.92	-6.62885309599185E-05
-0.919	-6.66242178136037E-05
-0.918	-6.69619718836962E-05
-0.917	-6.73018079954231E-05
-0.916	-6.76437412944454E-05
-0.915	-6.79877868483421E-05
-0.914	-6.83339596611009E-05
-0.913	-6.8682275644914E-05
-0.912	-6.90327498789942E-05
-0.911	-6.93853981327956E-05
-0.91	-6.97402360963198E-05
-0.909	-7.00972799707333E-05
-0.908	-7.04565452332917E-05
-0.907	-7.08180486699358E-05
-0.906	-7.11818059499948E-05
-0.905	-7.15478339647083E-05
-0.904	-7.19161490704984E-05
-0.903	-7.22867680892075E-05
-0.902	-7.26597077758568E-05
-0.901	-7.30349849459874E-05
-0.9	-7.34126170892314E-05
-0.899	-7.37926211521916E-05
-0.898	-7.41750147878963E-05
-0.897	-7.45598152808717E-05
-0.896	-7.49470405130557E-05
-0.895	-7.53367084110058E-05
-0.894	-7.57288368127603E-05
-0.893	-7.61234437542263E-05
-0.892	-7.65205478523667E-05
-0.891	-7.69201675053403E-05
-0.89	-7.73223210228305E-05
-0.889	-7.77270275209408E-05
-0.888	-7.81343057452868E-05
-0.887	-7.85441747203346E-05
-0.886	-7.8956653947357E-05
-0.885	-7.93717626293767E-05
-0.884	-7.97895203695986E-05
-0.883	-8.02099469649353E-05
-0.882	-8.06330622376303E-05
-0.881	-8.10588863405006E-05
-0.88	-8.14874393717835E-05
-0.879	-8.19187421396943E-05
-0.878	-8.23528146870394E-05
-0.877	-8.27896782354624E-05
-0.876	-8.3229353577675E-05
-0.875	-8.36718617336324E-05
-0.874	-8.4117224149554E-05
-0.873	-8.45654621911369E-05
-0.872	-8.5016597743032E-05
-0.871	-8.54706525449225E-05
-0.87	-8.59276484561253E-05
-0.869	-8.63876079217403E-05
-0.868	-8.68505534126401E-05
-0.867	-8.73165073394668E-05
-0.866	-8.77854926706608E-05
-0.865	-8.82575324528735E-05
-0.864	-8.87326497651395E-05
-0.863	-8.92108681082673E-05
-0.862	-8.96922108274936E-05
-0.861	-9.01767023551269E-05
-0.86	-9.06643660924994E-05
-0.859	-9.11552266638825E-05
-0.858	-9.16493082706865E-05
-0.857	-9.2146635724822E-05
-0.856	-9.26472337417378E-05
-0.855	-9.31511275108613E-05
-0.854	-9.36583423282001E-05
-0.853	-9.41689038853005E-05
-0.852	-9.46828375933515E-05
-0.851	-9.52001696856496E-05
-0.85	-9.57209262766476E-05
-0.849	-9.62451337272256E-05
-0.848	-9.6772818724398E-05
-0.847	-9.73040084201746E-05
-0.846	-9.78387294694629E-05
-0.845	-9.8377009622911E-05
-0.844	-9.89188764714453E-05
-0.843	-9.94643578084789E-05
-0.842	-0.000100013481486
-0.841	-0.000100566276361
-0.84	-0.000101122770738
-0.839	-0.000101682993432
-0.838	-0.000102246973549
-0.837	-0.000102814740521
-0.836	-0.000103386324089
-0.835	-0.000103961754017
-0.834	-0.000104541060479
-0.833	-0.00010512427411
-0.832	-0.00010571142525
-0.831	-0.000106302544944
-0.83	-0.000106897664635
-0.829	-0.000107496815718
-0.828	-0.000108100030307
-0.827	-0.000108707339783
-0.826	-0.000109318777433
-0.825	-0.000109934375248
-0.824	-0.000110554166497
-0.823	-0.000111178184373
-0.822	-0.000111806462705
-0.821	-0.000112439034767
-0.82	-0.000113075935214
-0.819	-0.000113717198359
-0.818	-0.000114362859129
-0.817	-0.000115012952485
-0.816	-0.000115667513962
-0.815	-0.00011632657929
-0.814	-0.00011699018437
-0.813	-0.000117658365896
-0.812	-0.000118331160461
-0.811	-0.000119008605006
-0.81	-0.000119690737046
-0.809	-0.000120377594476
-0.808	-0.000121069215271
-0.807	-0.000121765637713
-0.806	-0.00012246690086
-0.805	-0.000123173043637
-0.804	-0.0001238841057
-0.803	-0.000124600127018
-0.802	-0.000125321147523
-0.801	-0.000126047208152
-0.8	-0.000126778349379
-0.799	-0.000127514613278
-0.798	-0.000128256040995
-0.797	-0.000129002674834
-0.796	-0.000129754557436
-0.795	-0.000130511731758
-0.794	-0.000131274240833
-0.793	-0.000132042128579
-0.792	-0.000132815438844
-0.791	-0.000133594216582
-0.79	-0.000134378506434
-0.789	-0.000135168353812
-0.788	-0.000135963804407
-0.787	-0.000136764904716
-0.786	-0.000137571701197
-0.785	-0.000138384240901
-0.784	-0.00013920257119
-0.783	-0.000140026740519
-0.782	-0.000140856796792
-0.781	-0.000141692789127
-0.78	-0.000142534766674
-0.779	-0.000143382779625
-0.778	-0.000144236877759
-0.777	-0.000145097112141
-0.776	-0.000145963533734
-0.775	-0.000146836194482
-0.774	-0.000147715146361
-0.773	-0.000148600442346
-0.772	-0.000149492135123
-0.771	-0.000150390278743
-0.77	-0.000151294927533
-0.769	-0.000152206135975
-0.768	-0.000153123959128
-0.767	-0.000154048453015
-0.766	-0.000154979674016
-0.765	-0.00015591767851
-0.764	-0.000156862524386
-0.763	-0.000157814269346
-0.762	-0.000158772971795
-0.761	-0.000159738690725
-0.76	-0.00016071148596
-0.759	-0.000161691417498
-0.758	-0.000162678546159
-0.757	-0.00016367293327
-0.756	-0.000164674640775
-0.755	-0.000165683731079
-0.754	-0.00016670026756
-0.753	-0.000167724313641
-0.752	-0.000168755933974
-0.751	-0.000169795193461
-0.75	-0.00017084215759
-0.749	-0.000171896892699
-0.748	-0.00017295946568
-0.747	-0.000174029944146
-0.746	-0.00017510839618
-0.745	-0.000176194890501
-0.744	-0.000177289497245
-0.743	-0.000178392285863
-0.742	-0.000179503327627
-0.741	-0.00018062269413
-0.74	-0.000181750457669
-0.739	-0.000182886691307
-0.738	-0.00018403146877
-0.737	-0.000185184864131
-0.736	-0.000186346953229
-0.735	-0.000187517811506
-0.734	-0.000188697515546
-0.733	-0.000189886143193
-0.732	-0.000191083772376
-0.731	-0.000192290482131
-0.73	-0.000193506352409
-0.729	-0.000194731463312
-0.728	-0.000195965896556
-0.727	-0.000197209733929
-0.726	-0.000198463058725
-0.725	-0.0001997259545
-0.724	-0.000200998505972
-0.723	-0.000202280798782
-0.722	-0.000203572919015
-0.721	-0.000204874953797
-0.72	-0.000206186991414
-0.719	-0.000207509120669
-0.718	-0.000208841431424
-0.717	-0.000210184014268
-0.716	-0.000211536961119
-0.715	-0.000212900364187
-0.714	-0.000214274317313
-0.713	-0.000215658914693
-0.712	-0.000217054251789
-0.711	-0.000218460424947
-0.71	-0.000219877531531
-0.709	-0.000221305669849
-0.708	-0.000222744939105
-0.707	-0.000224195439659
-0.706	-0.000225657272845
-0.705	-0.0002271305411
-0.704	-0.000228615347689
-0.703	-0.000230111797092
-0.702	-0.000231619994895
-0.701	-0.000233140047623
-0.7	-0.000234672062987
-0.699	-0.000236216149719
-0.698	-0.000237772417696
-0.697	-0.00023934097808
-0.696	-0.000240921942855
-0.695	-0.000242515425437
-0.694	-0.000244121540261
-0.693	-0.000245740403059
-0.692	-0.000247372130444
-0.691	-0.00024901684063
-0.69	-0.000250674652858
-0.689	-0.000252345687602
-0.688	-0.000254030066613
-0.687	-0.000255727912737
-0.686	-0.000257439350517
-0.685	-0.000259164505367
-0.684	-0.000260903504104
-0.683	-0.000262656474967
-0.682	-0.000264423547435
-0.681	-0.000266204852347
-0.68	-0.000268000521932
-0.679	-0.000269810689833
-0.678	-0.000271635491049
-0.677	-0.000273475061847
-0.676	-0.000275329540196
-0.675	-0.000277199065426
-0.674	-0.000279083778168
-0.673	-0.000280983820528
-0.672	-0.000282899336483
-0.671	-0.000284830471035
-0.67	-0.000286777370972
-0.669	-0.000288740184617
-0.668	-0.000290719061698
-0.667	-0.000292714153922
-0.666	-0.000294725614042
-0.665	-0.000296753596789
-0.664	-0.000298798258687
-0.663	-0.000300859757214
-0.662	-0.000302938252353
-0.661	-0.000305033905243
-0.66	-0.000307146879059
-0.659	-0.000309277338512
-0.658	-0.000311425450002
-0.657	-0.000313591381887
-0.656	-0.000315775304326
-0.655	-0.000317977389148
-0.654	-0.000320197810117
-0.653	-0.000322436742829
-0.652	-0.00032469436472
-0.651	-0.000326970855156
-0.65	-0.000329266395521
-0.649	-0.000331581168976
-0.648	-0.000333915360897
-0.647	-0.000336269158282
-0.646	-0.000338642750586
-0.645	-0.000341036328916
-0.644	-0.000343450086612
-0.643	-0.000345884219096
-0.642	-0.000348338924042
-0.641	-0.000350814400952
-0.64	-0.000353310851769
-0.639	-0.000355828480412
-0.638	-0.000358367493317
-0.637	-0.000360928098658
-0.636	-0.000363510507403
-0.635	-0.000366114932579
-0.634	-0.000368741589376
-0.633	-0.000371390695664
-0.632	-0.00037406247147
-0.631	-0.000376757139268
-0.63	-0.000379474923924
-0.629	-0.000382216052748
-0.628	-0.000384980755787
-0.627	-0.000387769265442
-0.626	-0.00039058181649
-0.625	-0.00039341864636
-0.624	-0.000396279995455
-0.623	-0.000399166106221
-0.622	-0.00040207722438
-0.621	-0.000405013597939
-0.62	-0.000407975477764
-0.619	-0.000410963117418
-0.618	-0.000413976773479
-0.617	-0.000417016705184
-0.616	-0.000420083174626
-0.615	-0.000423176447006
-0.614	-0.000426296790116
-0.613	-0.000429444475113
-0.612	-0.000432619775785
-0.611	-0.000435822969277
-0.61	-0.000439054335578
-0.609	-0.000442314158039
-0.608	-0.000445602722921
-0.607	-0.000448920319866
-0.606	-0.000452267241525
-0.605	-0.000455643784108
-0.604	-0.000459050246927
-0.603	-0.000462486932649
-0.602	-0.000465954147499
-0.601	-0.00046945220093
-0.6	-0.000472981405941
-0.599	-0.000476542079163
-0.598	-0.000480134540572
-0.597	-0.000483759113797
-0.596	-0.000487416126278
-0.595	-0.000491105908879
-0.594	-0.000494828796358
-0.593	-0.000498585127292
-0.592	-0.000502375243894
-0.591	-0.000506199492326
-0.59	-0.000510058222855
-0.589	-0.00051395178937
-0.588	-0.000517880549923
-0.587	-0.000521844866681
-0.586	-0.000525845105725
-0.585	-0.000529881637669
-0.584	-0.000533954836834
-0.583	-0.000538065082057
-0.582	-0.000542212756549
-0.581	-0.000546398247769
-0.58	-0.000550621947513
-0.579	-0.000554884252146
-0.578	-0.000559185562579
-0.577	-0.000563526284148
-0.576	-0.000567906826955
-0.575	-0.000572327605664
-0.574	-0.000576789039762
-0.573	-0.000581291553554
-0.572	-0.000585835576038
-0.571	-0.000590421541233
-0.57	-0.000595049888212
-0.569	-0.000599721060898
-0.568	-0.000604435508395
-0.567	-0.00060919368498
-0.566	-0.000613996049967
-0.565	-0.000618843068199
-0.564	-0.000623735209728
-0.563	-0.000628672949955
-0.562	-0.00063365676975
-0.561	-0.000638687155717
-0.56	-0.00064376459985
-0.559	-0.000648889599756
-0.558	-0.000654062658924
-0.557	-0.000659284286773
-0.556	-0.000664554998092
-0.555	-0.000669875314123
-0.554	-0.000675245761998
-0.553	-0.000680666874687
-0.552	-0.000686139191566
-0.551	-0.000691663258248
-0.55	-0.000697239626451
-0.549	-0.000702868854369
-0.548	-0.00070855150676
-0.547	-0.000714288154699
-0.546	-0.000720079376043
-0.545	-0.000725925755331
-0.544	-0.000731827883744
-0.543	-0.000737786359332
-0.542	-0.000743801787264
-0.541	-0.000749874779345
-0.54	-0.000756005954859
-0.539	-0.000762195940081
-0.538	-0.000768445368532
-0.537	-0.000774754881116
-0.536	-0.000781125126106
-0.535	-0.000787556759438
-0.534	-0.000794050444604
-0.533	-0.000800606852485
-0.532	-0.000807226662316
-0.531	-0.000813910560803
-0.53	-0.000820659242538
-0.529	-0.00082747341052
-0.528	-0.000834353775786
-0.527	-0.000841301057469
-0.526	-0.000848315983021
-0.525	-0.000855399288679
-0.524	-0.000862551718954
-0.523	-0.000869774026829
-0.522	-0.000877066974481
-0.521	-0.000884431332437
-0.52	-0.00089186788047
-0.519	-0.000899377407268
-0.518	-0.000906960710702
-0.517	-0.000914618597955
-0.516	-0.000922351885286
-0.515	-0.000930161398693
-0.514	-0.000938047973622
-0.513	-0.000946012455102
-0.512	-0.000954055698195
-0.511	-0.00096217856757
-0.51	-0.000970381937939
-0.509	-0.000978666694265
-0.508	-0.000987033731585
-0.507	-0.000995483955244
-0.506	-0.00100401828111
-0.505	-0.001012637635701
-0.504	-0.001021342955927
-0.503	-0.001030135189677
-0.502	-0.001039015295714
-0.501	-0.00104798424386
-0.5	-0.001057043014958
-0.499	-0.001066192601165
-0.498	-0.001075434006044
-0.497	-0.001084768244588
-0.496	-0.001094196343475
-0.495	-0.001103719341051
-0.494	-0.001113338287607
-0.493	-0.00112305424522
-0.492	-0.001132868288393
-0.491	-0.001142781503578
-0.49	-0.001152794989664
-0.489	-0.001162909858113
-0.488	-0.001173127232779
-0.487	-0.001183448250499
-0.486	-0.001193874060811
-0.485	-0.00120440582617
-0.484	-0.001215044722418
-0.483	-0.001225791938321
-0.482	-0.001236648676159
-0.481	-0.001247616151693
-0.48	-0.001258695594298
-0.479	-0.001269888247083
-0.478	-0.001281195367025
-0.477	-0.001292618225199
-0.476	-0.001304158106564
-0.475	-0.001315816310653
-0.474	-0.001327594151237
-0.473	-0.001339492956585
-0.472	-0.00135151406956
-0.471	-0.00136365884789
-0.47	-0.001375928664157
-0.469	-0.00138832490599
-0.468	-0.001400848976147
-0.467	-0.001413502292657
-0.466	-0.001426286288956
-0.465	-0.001439202413836
-0.464	-0.001452252132024
-0.463	-0.001465436923803
-0.462	-0.001478758285402
-0.461	-0.001492217729009
-0.46	-0.001505816782887
-0.459	-0.001519556991711
-0.458	-0.001533439916261
-0.457	-0.001547467133987
-0.456	-0.001561640238758
-0.455	-0.001575960841236
-0.454	-0.001590430568748
-0.453	-0.001605051065587
-0.452	-0.001619823993017
-0.451	-0.001634751029464
-0.45	-0.001649833870396
-0.449	-0.001665074228717
-0.448	-0.001680473834607
-0.447	-0.001696034435735
-0.446	-0.001711757797354
-0.445	-0.001727645702343
-0.444	-0.001743699951245
-0.443	-0.001759922362379
-0.442	-0.001776314772068
-0.441	-0.001792879034394
-0.44	-0.001809617021541
-0.439	-0.001826530623611
-0.438	-0.001843621748901
-0.437	-0.001860892323873
-0.436	-0.001878344293152
-0.435	-0.001895979619557
-0.434	-0.00191380028428
-0.433	-0.001931808286596
-0.432	-0.001950005644296
-0.431	-0.00196839439344
-0.43	-0.001986976588362
-0.429	-0.002005754301787
-0.428	-0.002024729624775
-0.427	-0.002043904666731
-0.426	-0.002063281555299
-0.425	-0.002082862436377
-0.424	-0.002102649474271
-0.423	-0.002122644851207
-0.422	-0.002142850767818
-0.421	-0.002163269442679
-0.42	-0.002183903112446
-0.419	-0.002204754031646
-0.418	-0.002225824472724
-0.417	-0.002247116725875
-0.416	-0.002268633098883
-0.415	-0.002290375917164
-0.414	-0.002312347523435
-0.413	-0.002334550277757
-0.412	-0.002356986557302
-0.411	-0.00237965875614
-0.41	-0.0024025692853
-0.409	-0.002425720572215
-0.408	-0.002449115060923
-0.407	-0.002472755211637
-0.406	-0.002496643500552
-0.405	-0.002520782419614
-0.404	-0.002545174476439
-0.403	-0.002569822193866
-0.402	-0.00259472810979
-0.401	-0.002619894776924
-0.4	-0.002645324762412
-0.399	-0.002671020647759
-0.398	-0.002696985028073
-0.397	-0.002723220512411
-0.396	-0.002749729722959
-0.395	-0.002776515294775
-0.394	-0.002803579875668
-0.393	-0.002830926125615
-0.392	-0.002858556716518
-0.391	-0.002886474331936
-0.39	-0.002914681666536
-0.389	-0.002943181425785
-0.388	-0.002971976325644
-0.387	-0.003001069092244
-0.386	-0.003030462461333
-0.385	-0.003060159178083
-0.384	-0.003090161996595
-0.383	-0.003120473679659
-0.382	-0.003151096998312
-0.381	-0.003182034731678
-0.38	-0.003213289666402
-0.379	-0.003244864596572
-0.378	-0.003276762323315
-0.377	-0.003308985654621
-0.376	-0.003341537405132
-0.375	-0.003374420395867
-0.374	-0.003407637454169
-0.373	-0.003441191413793
-0.372	-0.003475085114446
-0.371	-0.003509321402225
-0.37	-0.003543903129553
-0.369	-0.003578833155435
-0.368	-0.003614114345595
-0.367	-0.003649749572991
-0.366	-0.003685741718308
-0.365	-0.003722093670424
-0.364	-0.003758808327286
-0.363	-0.003795888596754
-0.362	-0.00383333739772
-0.361	-0.003871157661307
-0.36	-0.003909352332293
-0.359	-0.00394792437092
-0.358	-0.003986876754626
-0.357	-0.004026212480401
-0.356	-0.004065934567156
-0.355	-0.004106046058745
-0.354	-0.004146550026765
-0.353	-0.004187449574538
-0.352	-0.004228747840743
-0.351	-0.00427044800408
-0.35	-0.004312553288202
-0.349	-0.004355066967031
-0.348	-0.004397992371102
-0.347	-0.004441332894327
-0.346	-0.004485092001231
-0.345	-0.004529273235438
-0.344	-0.004573880228711
-0.343	-0.004618916711022
-0.342	-0.00466438652164
-0.341	-0.004710293620977
-0.34	-0.004756642104337
-0.339	-0.004803436216258
-0.338	-0.004850680366558
-0.337	-0.004898379147977
-0.336	-0.004946537355218
-0.335	-0.004995160006186
-0.334	-0.005044252364624
-0.333	-0.005093819965479
-0.332	-0.005143868642082
-0.331	-0.005194404556116
-0.33	-0.005245434230086
-0.329	-0.005296964582997
-0.328	-0.005349002968915
-0.327	-0.005401557219227
-0.326	-0.005454635688503
-0.325	-0.005508247304559
-0.324	-0.005562401622785
-0.323	-0.00561710888538
-0.322	-0.005672380085871
-0.321	-0.005728227038894
-0.32	-0.00578466245673
-0.319	-0.005841700031485
-0.318	-0.005899354525849
-0.317	-0.005957641870054
-0.316	-0.006016579268751
-0.315	-0.006076185315895
-0.314	-0.006136480120526
-0.313	-0.006197485442482
-0.312	-0.006259224840445
-0.311	-0.006321723832653
-0.31	-0.006385010070701
-0.309	-0.006449113529064
-0.308	-0.006514066710663
-0.307	-0.006579904869393
-0.306	-0.006646666252631
-0.305	-0.006714392363566
-0.304	-0.006783128246706
-0.303	-0.00685292279701
-0.302	-0.006923829096102
-0.301	-0.006995904776692
-0.3	-0.007069212418139
-0.299	-0.007143819975779
-0.298	-0.007219801247098
-0.297	-0.007297236377011
-0.296	-0.007376212407086
-0.295	-0.007456823870395
-0.294	-0.00753917343815
-0.293	-0.007623372620966
-0.292	-0.00770954252938
-0.291	-0.007797814699762
-0.29	-0.007888331990037
-0.289	-0.007981249552104
-0.288	-0.008076735886559
-0.287	-0.008174973986634
-0.286	-0.008276162580218
-0.285	-0.008380517476511
-0.284	-0.008488273027504
-0.283	-0.00859968371224
-0.282	-0.008715025856191
-0.281	-0.008834599494966
-0.28	-0.008958730395932
-0.279	-0.00908777224942
-0.278	-0.009222109043869
-0.277	-0.009362157641152
-0.276	-0.009508370565234
-0.275	-0.009661239024096
-0.274	-0.009821296182685
-0.273	-0.009989120705975
-0.272	-0.010165340592442
-0.271	-0.010350637323263
-0.27	-0.010545750346883
-0.269	-0.010751481927466
-0.268	-0.010968702381668
-0.267	-0.011198355730999
-0.266	-0.011441465800999
-0.265	-0.011699142793874
-0.264	-0.011972590369402
-0.263	-0.012263113260954
-0.262	-0.012572125462839
-0.261	-0.0129011590185
-0.26	-0.013251873440316
-0.259	-0.013626065795186
-0.258	-0.014025681477071
-0.257	-0.014452825696781
-0.256	-0.014909775710979
-0.255	-0.015398993798153
-0.254	-0.015923140996001
-0.253	-0.016485091595781
-0.252	-0.017087948376013
-0.251	-0.017735058549433
-0.25	-0.018430030373532
-0.249	-0.019176750343749
-0.248	-0.019979400882834
-0.247	-0.020842478379547
-0.246	-0.021770811401645
-0.245	-0.022769578862673
-0.244	-0.02384432785904
-0.243	-0.025000990827914
-0.242	-0.026245901597353
-0.241	-0.027585809813493
-0.24	-0.029027893137164
-0.239	-0.03057976645402
-0.238	-0.032249487265069
-0.237	-0.034045556232883
-0.236	-0.035976911737228
-0.235	-0.038052917120347
-0.234	-0.040283339146785
-0.233	-0.04267831601336
-0.232	-0.04524831310782
-0.231	-0.048004064582496
-0.23	-0.050956498703168
-0.229	-0.054116644896023
-0.228	-0.057495520459597
-0.227	-0.061103995052602
-0.226	-0.06495263141185
-0.225	-0.069051501136793
-0.224	-0.073409975198637
-0.223	-0.078036489676106
-0.222	-0.082938288484685
-0.221	-0.088121146414663
-0.22	-0.093589077491824
-0.219	-0.099344035789458
-0.218	-0.105385617859914
-0.217	-0.111710778203332
-0.216	-0.118313571114797
-0.215	-0.125184933698913
-0.214	-0.132312525792952
-0.213	-0.139680642299109
-0.212	-0.14727021214555
-0.211	-0.15505889523891
-0.21	-0.163021284814022
-0.209	-0.171129217091684
-0.208	-0.179352183805932
-0.207	-0.187657836554852
-0.206	-0.196012565323535
-0.205	-0.204382127997514
-0.204	-0.212732303545462
-0.203	-0.221029539772305
-0.202	-0.229241566686964
-0.201	-0.23733794921143
-0.2	-0.245290557564215
-0.199	-0.253073939499671
-0.198	-0.260665585483409
-0.197	-0.268046084557846
-0.196	-0.275199174808814
-0.195	-0.282111697676828
-0.194	-0.288773468907626
-0.193	-0.295177081450278
-0.192	-0.301317656641118
-0.191	-0.307192559529689
-0.19	-0.312801093572517
-0.189	-0.318144187656173
-0.188	-0.323224086909456
-0.187	-0.328044056116315
-0.186	-0.33260810286197
-0.185	-0.336920725361175
-0.184	-0.340986688546452
-0.183	-0.34481083051802
-0.182	-0.348397900617699
-0.181	-0.351752429519796
-0.18	-0.354878631366894
-0.179	-0.357780337617557
-0.178	-0.360460962155336
-0.177	-0.362923497099897
-0.176	-0.365170538732616
-0.175	-0.367204342945099
-0.174	-0.369026909387488
-0.173	-0.3706400933399
-0.172	-0.372045743865087
-0.171	-0.373245866185416
-0.17	-0.374242805340459
-0.169	-0.375039447077472
-0.168	-0.375639430485298
-0.167	-0.376047365294165
-0.166	-0.376269044963157
-0.165	-0.376311644894041
-0.164	-0.37618389347569
-0.163	-0.375896202443802
-0.162	-0.375460742515861
-0.161	-0.374891450735503
-0.16	-0.37420395773791
-0.159	-0.373415426388042
-0.158	-0.372544298104059
-0.157	-0.371609949441489
-0.156	-0.370632268880329
-0.155	-0.369631171571001
-0.154	-0.368626077209404
-0.153	-0.367635382217242
-0.152	-0.366675960993651
-0.151	-0.365762731303343
-0.15	-0.364908315373082
-0.149	-0.364122820954392
-0.148	-0.363413756059865
-0.147	-0.362786078520785
-0.146	-0.362242368537731
-0.145	-0.361783100962357
-0.144	-0.361406985856152
-0.143	-0.361111342205788
-0.142	-0.360892471019726
-0.141	-0.360745999874361
-0.14	-0.360667180026882
-0.139	-0.360651127536789
-0.138	-0.360693009383514
-0.137	-0.360788182651448
-0.136	-0.360932298472396
-0.135	-0.361121382490848
-0.134	-0.361351900895306
-0.133	-0.361620816856332
-0.132	-0.361925638023978
-0.131	-0.362264452801038
-0.13	-0.362635952190411
-0.129	-0.363039435102916
-0.128	-0.363474797623102
-0.127	-0.363942509850745
-0.126	-0.364443586554272
-0.125	-0.364979559171895
-0.124	-0.365552456245487
-0.123	-0.366164797320089
-0.122	-0.366819602218469
-0.121	-0.367520414215909
-0.12	-0.368271332845146
-0.119	-0.369077050429327
-0.118	-0.369942886294875
-0.117	-0.370874813741791
-0.116	-0.371879476783109
-0.115	-0.372964195687753
-0.114	-0.374136961746326
-0.113	-0.3754064218911
-0.112	-0.376781852465949
-0.111	-0.378273118667024
-0.11	-0.379890612087786
-0.109	-0.381645153871523
-0.108	-0.383547845553315
-0.107	-0.385609844033557
-0.106	-0.387842031399324
-0.105	-0.390254544444678
-0.104	-0.392856122443934
-0.103	-0.395653225159264
-0.102	-0.398648866297654
-0.101	-0.401841101568914
-0.1	-0.405221107563756
-0.099	-0.408770791088625
-0.098	-0.412459885067196
-0.097	-0.416242525056172
-0.096	-0.420053372503717
-0.095	-0.42380347052372
-0.094	-0.427376198416986
-0.093	-0.430623935529413
-0.092	-0.433366333771859
-0.091	-0.4353913698492
-0.09	-0.436460482069508
-0.089	-0.436318914891923
-0.088	-0.434711711971545
-0.087	-0.431404539072692
-0.086	-0.426206869459002
-0.085	-0.418993564682917
-0.084	-0.409720287089942
-0.083	-0.39842905507562
-0.082	-0.38524252676575
-0.081	-0.370348447132505
-0.08	-0.353977958378228
-0.079	-0.336382337332887
-0.078	-0.317812128080267
-0.077	-0.298501146615907
-0.076	-0.278656194321459
-0.075	-0.258452054496878
-0.074	-0.238030645087238
-0.073	-0.217502989922345
-0.072	-0.196952773621876
-0.071	-0.176440500758362
-0.07	-0.156007576515876
-0.069	-0.135679910578116
-0.068	-0.11547088647091
-0.067	-0.095383720096226
-0.066	-0.07541333650424
-0.065	-0.0555479270067
-0.064	-0.03577032445607
-0.063	-0.016059282886376
-0.062	0.003609302589996
-0.061	0.023261236716243
-0.06	0.042922948529346
-0.059	0.062620536236962
-0.058	0.082378983100922
-0.057	0.102221608495428
-0.056	0.122169822156637
-0.055	0.142243233968704
-0.054	0.162460125222001
-0.053	0.18283821680954
-0.052	0.203395597874717
-0.051	0.22415163535263
-0.05	0.245127692736716
-0.049	0.266347542717465
-0.048	0.287837436849092
-0.047	0.309625866242216
-0.046	0.33174309269157
-0.045	0.354220546043068
-0.044	0.37709018740426
-0.043	0.400383937002222
-0.042	0.424133269184573
-0.041	0.448369076697541
-0.04	0.473121891127547
-0.039	0.498422499555729
-0.038	0.524302920213113
-0.037	0.550797608762416
-0.036	0.577944698254952
-0.035	0.605787060125013
-0.034	0.634373021246595
-0.033	0.663756659867834
-0.032	0.693997692740823
-0.031	0.725161028135058
-0.03	0.757316084376855
-0.029	0.790535968337106
-0.028	0.824896591552796
-0.027	0.860475780583093
-0.026	0.897352409746689
-0.025	0.935605539472059
-0.024	0.975313461007346
-0.023	1.01655242640586
-0.022	1.05939469671194
-0.021	1.10390540875625
-0.02	1.15013768751474
-0.019	1.19812545263978
-0.018	1.24787348791154
-0.017	1.29934456406228
-0.016	1.352443744011
-0.015	1.40700049522938
-0.014	1.46274994465333
-0.013	1.5193155269866
-0.012	1.57619627946232
-0.011	1.63276278940901
-0.01	1.68826579959407
-0.009	1.7418601801124
-0.008	1.79264414491102
-0.007	1.83970968528268
-0.006	1.88219647007443
-0.005	1.91933959951897
-0.004	1.95050276501634
-0.003	1.97519242458498
-0.002	1.9930540362881
-0.001	2.00385612180231
0	2.00747041169348
0.001	2.00385612170669
0.002	1.99305403609738
0.003	1.97519242430016
0.004	1.95050276463839
0.005	1.91933959902671
0.006	1.8821964694634
0.007	1.83970968455732
0.008	1.7926441440484
0.009	1.7418601791626
0.01	1.68826579856614
0.011	1.63276278827585
0.012	1.57619627824838
0.013	1.5193155257143
0.014	1.46274994334665
0.015	1.40700049392925
0.016	1.35244374261913
0.017	1.29934456267665
0.018	1.24787348648734
0.019	1.19812545122718
0.02	1.15013768609975
0.021	1.10390540737969
0.022	1.05939469535625
0.023	1.01655242504115
0.024	0.975313459667621
0.025	0.935605538164603
0.026	0.897352408441638
0.027	0.860475779308357
0.028	0.824896590314757
0.029	0.790535967109478
0.03	0.757316083197889
0.031	0.725161026980421
0.032	0.693997691631732
0.033	0.663756658819336
0.034	0.634373020217674
0.035	0.605787059142849
0.036	0.577944697346732
0.037	0.550797607888126
0.038	0.524302919398795
0.039	0.498422498819199
0.04	0.473121890440734
0.041	0.448369076106182
0.042	0.424133268673222
0.043	0.400383936608927
0.044	0.377090187108912
0.045	0.354220545865794
0.046	0.331743092636364
0.047	0.309625866345943
0.048	0.287837437080138
0.049	0.266347543145174
0.05	0.245127693352409
0.051	0.224151636196141
0.052	0.203395598963241
0.053	0.182838218150006
0.054	0.16246012685401
0.055	0.142243235918752
0.056	0.122169824440341
0.057	0.102221611168357
0.058	0.082378986190961
0.059	0.062620539761636
0.06	0.042922952549108
0.061	0.023261241269263
0.062	0.00360930771843
0.063	-0.016059277134578
0.064	-0.035770318037087
0.065	-0.055547919860455
0.066	-0.075413328569954
0.067	-0.095383711362148
0.068	-0.115470876865445
0.069	-0.135679900079031
0.07	-0.156007565105362
0.071	-0.176440488379613
0.072	-0.196952760268648
0.073	-0.217502975593392
0.074	-0.238030629796297
0.075	-0.258452038274148
0.076	-0.278656177233994
0.077	-0.298501128703599
0.078	-0.317812109436118
0.079	-0.336382318062944
0.08	-0.353977938643569
0.081	-0.370348427070213
0.082	-0.38524250653279
0.083	-0.398429034895721
0.084	-0.409720267158606
0.085	-0.418993545214098
0.086	-0.426206850681364
0.087	-0.43140452121751
0.088	-0.434711695266239
0.089	-0.436318899567189
0.09	-0.436460468357721
0.091	-0.435391357977944
0.092	-0.433366323969179
0.093	-0.430623928010024
0.094	-0.427376193391668
0.095	-0.42380346818856
0.096	-0.420053373037281
0.097	-0.416242528616153
0.098	-0.412459891776695
0.099	-0.408770801035826
0.1	-0.405221120784131
0.101	-0.401841118051062
0.102	-0.398648885968173
0.103	-0.395653247874057
0.104	-0.392856147986596
0.105	-0.390254572527606
0.106	-0.387842061649196
0.107	-0.385609876002438
0.108	-0.383547878706372
0.109	-0.381645187586412
0.11	-0.379890645655208
0.111	-0.378273151287033
0.112	-0.376781883244064
0.113	-0.375406449832505
0.114	-0.374136985755924
0.115	-0.372964214574889
0.116	-0.371879489265976
0.117	-0.370874818455408
0.118	-0.369942881817531
0.119	-0.369077035305876
0.12	-0.368271305628956
0.121	-0.367520373513007
0.122	-0.366819546740043
0.123	-0.366164725943202
0.124	-0.365552368070223
0.125	-0.364979453580948
0.126	-0.364443463263203
0.127	-0.363942368949806
0.128	-0.363474639601672
0.129	-0.3630392608607
0.13	-0.362635763025706
0.131	-0.362264250381328
0.132	-0.361925424335454
0.133	-0.36162059413971
0.134	-0.361351671565219
0.135	-0.361121149052225
0.136	-0.360932063430915
0.137	-0.360787948428889
0.138	-0.360692778240769
0.139	-0.360650901509091
0.14	-0.360666960874353
0.141	-0.360745789049581
0.142	-0.360892269652691
0.143	-0.361111151105018
0.144	-0.361406805525354
0.145	-0.361782931628944
0.146	-0.362242210187607
0.147	-0.3627859309423
0.148	-0.363413618885283
0.149	-0.364122693702765
0.15	-0.364908197486505
0.151	-0.365762622181678
0.152	-0.366675860019966
0.153	-0.367635288781048
0.154	-0.368625990718425
0.155	-0.369631091463249
0.156	-0.370632194632291
0.157	-0.371609880565923
0.158	-0.372544234155679
0.159	-0.373415366958841
0.16	-0.374203902457492
0.161	-0.374891399266136
0.162	-0.375460694551752
0.163	-0.375896157707751
0.164	-0.376183851714494
0.165	-0.376311605878258
0.166	-0.376269008483451
0.167	-0.376047331159272
0.168	-0.375639398520866
0.169	-0.375039417123707
0.17	-0.374242777250217
0.171	-0.373245839823687
0.172	-0.37204571910871
0.173	-0.370640070075255
0.174	-0.369026887510144
0.175	-0.367204322356666
0.176	-0.365170519343992
0.177	-0.36292347882995
0.178	-0.360460944927469
0.179	-0.357780321362269
0.18	-0.354878616017775
0.181	-0.351752415018964
0.182	-0.348397886906489
0.183	-0.344810817543468
0.184	-0.340986676265814
0.185	-0.336920713730842
0.186	-0.332608091838732
0.187	-0.328044045662734
0.188	-0.323224076983055
0.189	-0.318144178234668
0.19	-0.312801084615436
0.191	-0.307192551017681
0.192	-0.301317648540612
0.193	-0.295177073751473
0.194	-0.288773461570957
0.195	-0.282111690695866
0.196	-0.275199168148608
0.197	-0.268046078209235
0.198	-0.260665579424047
0.199	-0.253073933720555
0.2	-0.24529055205286
0.201	-0.23733794395006
0.202	-0.229241561657035
0.203	-0.221029534967113
0.204	-0.21273229895469
0.205	-0.204382123604926
0.206	-0.196012561124463
0.207	-0.18765783253567
0.208	-0.179352179966096
0.209	-0.17112921341766
0.21	-0.163021281301996
0.211	-0.155058891876446
0.212	-0.14727020893075
0.213	-0.139680639218483
0.214	-0.132312522841492
0.215	-0.125184930873161
0.216	-0.1183135684081
0.217	-0.111710775610621
0.218	-0.105385615375152
0.219	-0.09934403341002
0.22	-0.093589075214962
0.221	-0.088121144228571
0.222	-0.082938286389736
0.223	-0.078036487665731
0.224	-0.073409973273265
0.225	-0.069051499286157
0.226	-0.064952629638362
0.227	-0.061103993351458
0.228	-0.0574955188214
0.229	-0.054116643325128
0.23	-0.05095649719249
0.231	-0.048004063132242
0.232	-0.04524831171294
0.233	-0.042678314673533
0.234	-0.040283337857435
0.235	-0.038052915877841
0.236	-0.035976910542402
0.237	-0.034045555084119
0.238	-0.03224948615987
0.239	-0.030579765388415
0.24	-0.02902789211042
0.241	-0.027585808825272
0.242	-0.026245900644636
0.243	-0.025000989909513
0.244	-0.023844326973065
0.245	-0.022769578008082
0.246	-0.021770810577146
0.247	-0.020842477583736
0.248	-0.019979400114699
0.249	-0.019176749602042
0.25	-0.018430029657192
0.251	-0.017735057857792
0.252	-0.017087947707431
0.253	-0.016485090949425
0.254	-0.015923140371769
0.255	-0.015398993194226
0.256	-0.014909775127034
0.257	-0.014452825132256
0.258	-0.014025680930499
0.259	-0.013626065266676
0.26	-0.013251872928662
0.261	-0.012901158522952
0.262	-0.012572124983143
0.263	-0.012263112796469
0.264	-0.011972589919476
0.265	-0.01169914235776
0.266	-0.01144146537837
0.267	-0.011198355321312
0.268	-0.010968701984516
0.269	-0.010751481542455
0.27	-0.010545749973306
0.271	-0.01035063696089
0.272	-0.010165340241051
0.273	-0.009989120364876
0.274	-0.009821295851757
0.275	-0.009661238702787
0.276	-0.009508370253326
0.277	-0.009362157338296
0.278	-0.009222108749733
0.279	-0.009087771963701
0.28	-0.00895873011844
0.281	-0.00883459922532
0.282	-0.008715025594126
0.283	-0.008599683457563
0.284	-0.008488272779877
0.285	-0.008380517235749
0.286	-0.008276162346121
0.287	-0.008174973758894
0.288	-0.008076735665079
0.289	-0.007981249336692
0.29	-0.00788833178038
0.291	-0.007797814495709
0.292	-0.007709542330868
0.293	-0.007623372427692
0.294	-0.007539173250034
0.295	-0.007456823687089
0.296	-0.007376212228628
0.297	-0.007297236203248
0.298	-0.007219801077768
0.299	-0.007143819810904
0.3	-0.007069212257422
0.301	-0.006995904620139
0.302	-0.006923828943501
0.303	-0.006852922648255
0.304	-0.006783128101643
0.305	-0.006714392222134
0.306	-0.006646666114756
0.307	-0.006579904734989
0.308	-0.006514066579477
0.309	-0.006449113401126
0.31	-0.00638500994584
0.311	-0.006321723710845
0.312	-0.006259224721625
0.313	-0.006197485326455
0.314	-0.006136480007336
0.315	-0.006076185205429
0.316	-0.006016579160896
0.317	-0.005957641764754
0.318	-0.005899354422968
0.319	-0.005841699931094
0.32	-0.005784662358579
0.321	-0.005728226943095
0.322	-0.005672379992215
0.323	-0.00561710879387
0.324	-0.00556240153334
0.325	-0.005508247217202
0.326	-0.005454635603142
0.327	-0.005401557135757
0.328	-0.005349002887306
0.329	-0.005296964503235
0.33	-0.005245434152078
0.331	-0.005194404479796
0.332	-0.005143868567467
0.333	-0.005093819892503
0.334	-0.005044252293272
0.335	-0.004995159936337
0.336	-0.004946537286875
0.337	-0.004898379081124
0.338	-0.004850680301142
0.339	-0.004803436152215
0.34	-0.004756642041642
0.341	-0.0047102935596
0.342	-0.00466438646151
0.343	-0.004618916652214
0.344	-0.004573880171108
0.345	-0.004529273178999
0.346	-0.004485091945973
0.347	-0.004441332840241
0.348	-0.004397992318123
0.349	-0.004355066915056
0.35	-0.00431255323732
0.351	-0.004270447954248
0.352	-0.00422874779187
0.353	-0.004187449526663
0.354	-0.004146549979881
0.355	-0.004106046012733
0.356	-0.004065934522119
0.357	-0.004026212436184
0.358	-0.003986876711308
0.359	-0.003947924328469
0.36	-0.003909352290638
0.361	-0.003871157620432
0.362	-0.003833337357661
0.363	-0.003795888557426
0.364	-0.003758808288695
0.365	-0.003722093632534
0.366	-0.003685741681163
0.367	-0.003649749536614
0.368	-0.003614114309869
0.369	-0.003578833120372
0.37	-0.003543903095132
0.371	-0.003509321368418
0.372	-0.00347508508123
0.373	-0.003441191381197
0.374	-0.003407637422253
0.375	-0.003374420364448
0.376	-0.003341537374256
0.377	-0.003308985624345
0.378	-0.003276762293546
0.379	-0.003244864567308
0.38	-0.003213289637697
0.381	-0.00318203470344
0.382	-0.003151096970568
0.383	-0.003120473652333
0.384	-0.003090161969778
0.385	-0.003060159151748
0.386	-0.003030462435481
0.387	-0.003001069066804
0.388	-0.002971976300652
0.389	-0.002943181401213
0.39	-0.002914681642355
0.391	-0.002886474308154
0.392	-0.002858556693133
0.393	-0.002830926102605
0.394	-0.002803579853047
0.395	-0.002776515272543
0.396	-0.002749729701054
0.397	-0.002723220490918
0.398	-0.002696985006916
0.399	-0.002671020626889
0.4	-0.002645324741918
0.401	-0.002619894756734
0.402	-0.002594728089943
0.403	-0.002569822174315
0.404	-0.002545174457219
0.405	-0.002520782400674
0.406	-0.002496643481872
0.407	-0.002472755193302
0.408	-0.002449115042857
0.409	-0.002425720554368
0.41	-0.002402569267749
0.411	-0.002379658738889
0.412	-0.002356986540273
0.413	-0.002334550261003
0.414	-0.00231234750695
0.415	-0.00229037590088
0.416	-0.002268633082863
0.417	-0.00224711671006
0.418	-0.002225824457178
0.419	-0.002204754016349
0.42	-0.002183903097312
0.421	-0.002163269427788
0.422	-0.002142850753109
0.423	-0.002122644836744
0.424	-0.002102649459943
0.425	-0.002082862422319
0.426	-0.00206328154137
0.427	-0.002043904653056
0.428	-0.002024729611296
0.429	-0.002005754288477
0.43	-0.00198697657519
0.431	-0.001968394380482
0.432	-0.001950005631524
0.433	-0.001931808273958
0.434	-0.001913800271806
0.435	-0.00189597960729
0.436	-0.00187834428103
0.437	-0.00186089231197
0.438	-0.001843621737102
0.439	-0.001826530611935
0.44	-0.001809617010007
0.441	-0.00179287902305
0.442	-0.001776314760851
0.443	-0.001759922351303
0.444	-0.001743699940282
0.445	-0.001727645691526
0.446	-0.001711757786677
0.447	-0.00169603442524
0.448	-0.001680473824205
0.449	-0.001665074218474
0.45	-0.00164983386024
0.451	-0.00163475101941
0.452	-0.00161982398313
0.453	-0.001605051055778
0.454	-0.001590430559037
0.455	-0.001575960831642
0.456	-0.001561640229302
0.457	-0.001547467124636
0.458	-0.001533439907013
0.459	-0.001519556982546
0.46	-0.001505816773882
0.461	-0.001492217720053
0.462	-0.001478758276573
0.463	-0.001465436915063
0.464	-0.001452252123389
0.465	-0.001439202405313
0.466	-0.001426286280413
0.467	-0.001413502284317
0.468	-0.001400848967846
0.469	-0.001388324897835
0.47	-0.00137592865606
0.471	-0.001363658839895
0.472	-0.001351514061596
0.473	-0.001339492948714
0.474	-0.001327594143503
0.475	-0.001315816302963
0.476	-0.001304158099022
0.477	-0.001292618217664
0.478	-0.001281195359572
0.479	-0.001269888239679
0.48	-0.001258695586974
0.481	-0.001247616144441
0.482	-0.001236648668965
0.483	-0.001225791931202
0.484	-0.001215044715393
0.485	-0.001204405819265
0.486	-0.001193874053897
0.487	-0.001183448243663
0.488	-0.001173127226023
0.489	-0.001162909851361
0.49	-0.001152794983007
0.491	-0.001142781496946
0.492	-0.00113286828188
0.493	-0.001123054238775
0.494	-0.001113338281164
0.495	-0.001103719334701
0.496	-0.001094196337193
0.497	-0.001084768238365
0.498	-0.001075433999851
0.499	-0.001066192595057
0.5	-0.00105704300887
0.501	-0.001047984237837
0.502	-0.001039015289746
0.503	-0.001030135183742
0.504	-0.001021342950018
0.505	-0.001012637629773
0.506	-0.001004018275323
0.507	-0.000995483949471
0.508	-0.000987033725798
0.509	-0.000978666688613
0.51	-0.00097038193238
0.511	-0.000962178561971
0.512	-0.000954055692706
0.513	-0.000946012449694
0.514	-0.000938047968188
0.515	-0.00093016139328
0.516	-0.000922351879905
0.517	-0.000914618592564
0.518	-0.000906960705489
0.519	-0.000899377402076
0.52	-0.000891867875172
0.521	-0.000884431327221
0.522	-0.000877066969309
0.523	-0.000869774021752
0.524	-0.00086255171383
0.525	-0.000855399283679
0.526	-0.000848315978087
0.527	-0.000841301052471
0.528	-0.000834353770839
0.529	-0.000827473405693
0.53	-0.000820659237672
0.531	-0.000813910555875
0.532	-0.000807226657529
0.533	-0.000800606847741
0.534	-0.000794050439822
0.535	-0.000787556754696
0.536	-0.000781125121452
0.537	-0.000774754876459
0.538	-0.000768445363844
0.539	-0.000762195935556
0.54	-0.000756005950301
0.541	-0.000749874774805
0.542	-0.000743801782707
0.543	-0.000737786354846
0.544	-0.000731827879244
0.545	-0.000725925750885
0.546	-0.000720079371631
0.547	-0.000714288150346
0.548	-0.000708551502387
0.549	-0.000702868850016
0.55	-0.000697239622169
0.551	-0.000691663253946
0.552	-0.00068613918739
0.553	-0.000680666870491
0.554	-0.000675245757805
0.555	-0.000669875310004
0.556	-0.000664554993908
0.557	-0.00065928428256
0.558	-0.000654062654805
0.559	-0.000648889595572
0.56	-0.000643764595719
0.561	-0.00063868715164
0.562	-0.000633656765723
0.563	-0.000628672945906
0.564	-0.000623735205676
0.565	-0.000618843064244
0.566	-0.000613996045981
0.567	-0.000609193680999
0.568	-0.000604435504434
0.569	-0.000599721057014
0.57	-0.000595049884292
0.571	-0.000590421537365
0.572	-0.000585835572138
0.573	-0.000581291549669
0.574	-0.00057678903585
0.575	-0.000572327601883
0.576	-0.000567906823127
0.577	-0.000563526280363
0.578	-0.000559185558759
0.579	-0.000554884248375
0.58	-0.000550621943752
0.581	-0.000546398243959
0.582	-0.000542212752781
0.583	-0.000538065078329
0.584	-0.000533954833137
0.585	-0.000529881634008
0.586	-0.000525845102133
0.587	-0.000521844863039
0.588	-0.000517880546323
0.589	-0.000513951785718
0.59	-0.000510058219311
0.591	-0.000506199488796
0.592	-0.000502375240285
0.593	-0.000498585123676
0.594	-0.000494828792699
0.595	-0.000491105905325
0.596	-0.000487416122692
0.597	-0.000483759110236
0.598	-0.000480134537079
0.599	-0.00047654207562
0.6	-0.000472981402471
0.601	-0.000469452197473
0.602	-0.000465954144018
0.603	-0.000462486929191
0.604	-0.000459050243499
0.605	-0.000455643780666
0.606	-0.00045226723814
0.607	-0.000448920316441
0.608	-0.000445602719508
0.609	-0.000442314154654
0.61	-0.000439054332243
0.611	-0.000435822965892
0.612	-0.000432619772459
0.613	-0.000429444471762
0.614	-0.00042629678688
0.615	-0.000423176443685
0.616	-0.000420083171376
0.617	-0.000417016701878
0.618	-0.000413976770231
0.619	-0.000410963114138
0.62	-0.000407975474473
0.621	-0.00040501359463
0.622	-0.000402077221127
0.623	-0.000399166103049
0.624	-0.000396279992228
0.625	-0.000393418643063
0.626	-0.000390581813258
0.627	-0.000387769262181
0.628	-0.00038498075262
0.629	-0.00038221604965
0.63	-0.000379474920687
0.631	-0.000376757136087
0.632	-0.000374062468268
0.633	-0.000371390692526
0.634	-0.000368741586312
0.635	-0.000366114929384
0.636	-0.000363510504291
0.637	-0.000360928095583
0.638	-0.000358367490133
0.639	-0.000355828477334
0.64	-0.000353310848624
0.641	-0.000350814397861
0.642	-0.000348338920956
0.643	-0.000345884216102
0.644	-0.000343450083534
0.645	-0.000341036325771
0.646	-0.000338642747398
0.647	-0.000336269155265
0.648	-0.00033391535787
0.649	-0.000331581165975
0.65	-0.000329266392423
0.651	-0.000326970852021
0.652	-0.000324694361634
0.653	-0.000322436739805
0.654	-0.000320197807154
0.655	-0.000317977386064
0.656	-0.000315775301283
0.657	-0.000313591378885
0.658	-0.000311425446918
0.659	-0.000309277335433
0.66	-0.000307146876078
0.661	-0.00030503390234
0.662	-0.000302938249322
0.663	-0.000300859754255
0.664	-0.000298798255667
0.665	-0.00029675359378
0.666	-0.000294725611054
0.667	-0.000292714150964
0.668	-0.000290719058783
0.669	-0.000288740181609
0.67	-0.000286777368038
0.671	-0.000284830468053
0.672	-0.000282899333469
0.673	-0.000280983817612
0.674	-0.000279083775212
0.675	-0.000277199062603
0.676	-0.000275329537323
0.677	-0.000273475058962
0.678	-0.000271635488062
0.679	-0.000269810686937
0.68	-0.000268000518949
0.681	-0.000266204849309
0.682	-0.00026442354455
0.683	-0.000262656472085
0.684	-0.00026090350118
0.685	-0.000259164502409
0.686	-0.000257439347706
0.687	-0.000255727909938
0.688	-0.000254030063715
0.689	-0.000252345684735
0.69	-0.000250674649985
0.691	-0.000249016837807
0.692	-0.00024737212756
0.693	-0.00024574040016
0.694	-0.000244121537432
0.695	-0.00024251542265
0.696	-0.000240921940049
0.697	-0.000239340975317
0.698	-0.000237772414893
0.699	-0.00023621614687
0.7	-0.000234672060079
0.701	-0.000233140044719
0.702	-0.000231619992067
0.703	-0.000230111794235
0.704	-0.000228615344832
0.705	-0.000227130538311
0.706	-0.000225657270017
0.707	-0.00022419543678
0.708	-0.000222744936318
0.709	-0.000221305666989
0.71	-0.000219877528762
0.711	-0.000218460422139
0.712	-0.000217054248969
0.713	-0.00021565891184
0.714	-0.000214274314533
0.715	-0.000212900361446
0.716	-0.000211536958263
0.717	-0.000210184011576
0.718	-0.000208841428608
0.719	-0.000207509117802
0.72	-0.000206186988644
0.721	-0.000204874951098
0.722	-0.000203572916207
0.723	-0.000202280796045
0.724	-0.00020099850331
0.725	-0.000199725951743
0.726	-0.000198463055926
0.727	-0.000197209731097
0.728	-0.000195965893719
0.729	-0.000194731460543
0.73	-0.000193506349612
0.731	-0.000192290479441
0.732	-0.000191083769739
0.733	-0.00018988614043
0.734	-0.000188697512799
0.735	-0.000187517808652
0.736	-0.000186346950425
0.737	-0.000185184861465
0.738	-0.000184031465881
0.739	-0.000182886688584
0.74	-0.000181750455071
0.741	-0.000180622691329
0.742	-0.00017950332499
0.743	-0.000178392283051
0.744	-0.000177289494311
0.745	-0.000176194887796
0.746	-0.000175108393397
0.747	-0.000174029941365
0.748	-0.000172959463062
0.749	-0.00017189688997
0.75	-0.000170842154978
0.751	-0.000169795190886
0.752	-0.000168755931329
0.753	-0.000167724311083
0.754	-0.000166700264865
0.755	-0.000165683728293
0.756	-0.000164674638054
0.757	-0.0001636729306
0.758	-0.000162678543425
0.759	-0.000161691414791
0.76	-0.00016071148316
0.761	-0.000159738688003
0.762	-0.000158772968976
0.763	-0.000157814266498
0.764	-0.000156862521805
0.765	-0.000155917675937
0.766	-0.000154979671176
0.767	-0.000154048450463
0.768	-0.000153123956478
0.769	-0.000152206133177
0.77	-0.00015129492487
0.771	-0.000150390276172
0.772	-0.000149492132397
0.773	-0.000148600439646
0.774	-0.000147715143712
0.775	-0.000146836191747
0.776	-0.000145963531118
0.777	-0.000145097109486
0.778	-0.000144236875063
0.779	-0.000143382776808
0.78	-0.000142534764098
0.781	-0.000141692786473
0.782	-0.000140856794096
0.783	-0.000140026737755
0.784	-0.000139202568602
0.785	-0.000138384238211
0.786	-0.000137571698455
0.787	-0.000136764902106
0.788	-0.000135963801833
0.789	-0.000135168351199
0.79	-0.000134378503759
0.791	-0.000133594213728
0.792	-0.000132815436167
0.793	-0.000132042125883
0.794	-0.00013127423804
0.795	-0.000130511729034
0.796	-0.000129754554913
0.797	-0.000129002672219
0.798	-0.000128256038256
0.799	-0.000127514610574
0.8	-0.000126778346765
0.801	-0.000126047205473
0.802	-0.00012532114489
0.803	-0.000124600124273
0.804	-0.000123884103243
0.805	-0.000123173041051
0.806	-0.000122466898237
0.807	-0.000121765635059
0.808	-0.000121069212592
0.809	-0.000120377592004
0.81	-0.000119690734509
0.811	-0.000119008602332
0.812	-0.000118331157769
0.813	-0.000117658363256
0.814	-0.00011699018179
0.815	-0.000116326576615
0.816	-0.000115667511319
0.817	-0.000115012949937
0.818	-0.000114362856541
0.819	-0.000113717195655
0.82	-0.000113075932592
0.821	-0.000112439032208
0.822	-0.00011180646
0.823	-0.000111178181896
0.824	-0.000110554163921
0.825	-0.000109934372692
0.826	-0.000109318774712
0.827	-0.000108707337198
0.828	-0.00010810002754
0.829	-0.00010749681328
0.83	-0.000106897662092
0.831	-0.000106302542282
0.832	-0.000105711422592
0.833	-0.000105124271418
0.834	-0.000104541057845
0.835	-0.000103961751426
0.836	-0.000103386321497
0.837	-0.000102814737943
0.838	-0.000102246970896
0.839	-0.000101682990643
0.84	-0.000101122767912
0.841	-0.00010056627373
0.842	-0.000100013478773
0.843	-9.94643550908735E-05
0.844	-9.89188739936E-05
0.845	-9.837700709163E-05
0.846	-9.78387268036119E-05
0.847	-9.73040056201273E-05
0.848	-9.67728160451624E-05
0.849	-9.62451309885212E-05
0.85	-9.57209236408105E-05
0.851	-9.52001671675979E-05
0.852	-9.4682834998636E-05
0.853	-9.41689011210938E-05
0.854	-9.36583399249788E-05
0.855	-9.31511249947696E-05
0.856	-9.26472312806003E-05
0.857	-9.21466330809174E-05
0.858	-9.16493057211002E-05
0.859	-9.11552240691213E-05
0.86	-9.06643635173703E-05
0.861	-9.01766996731327E-05
0.862	-8.96922084675341E-05
0.863	-8.92108655017098E-05
0.864	-8.87326469853977E-05
0.865	-8.82575297269501E-05
0.866	-8.77854900403198E-05
0.867	-8.73165046212339E-05
0.868	-8.68505507364674E-05
0.869	-8.63876053352735E-05
0.87	-8.59276457170931E-05
0.871	-8.54706499202979E-05
0.872	-8.50165950770804E-05
0.873	-8.45654596630587E-05
0.874	-8.4117221532825E-05
0.875	-8.36718590660528E-05
0.876	-8.32293510150695E-05
0.877	-8.27896756430175E-05
0.878	-8.23528121036977E-05
0.879	-8.19187393995218E-05
0.88	-8.148743679129E-05
0.881	-8.10588836930997E-05
0.882	-8.06330595746963E-05
0.883	-8.02099442465392E-05
0.884	-7.97895178571369E-05
0.885	-7.93717600368677E-05
0.886	-7.89566513981144E-05
0.887	-7.8544172147085E-05
0.888	-7.813430308065E-05
0.889	-7.77270249493569E-05
0.89	-7.73223186892737E-05
0.891	-7.69201649584069E-05
0.892	-7.65205452325274E-05
0.893	-7.61234412456982E-05
0.894	-7.57288342592667E-05
0.895	-7.53367057881806E-05
0.896	-7.49470379366991E-05
0.897	-7.45598127362455E-05
0.898	-7.41750122198989E-05
0.899	-7.3792618621786E-05
0.9	-7.34126145889536E-05
0.901	-7.30349823607884E-05
0.902	-7.26597051053585E-05
0.903	-7.22867655626621E-05
0.904	-7.19161465514816E-05
0.905	-7.15478313414186E-05
0.906	-7.11818034147716E-05
0.907	-7.08180459492896E-05
0.908	-7.04565427792991E-05
0.909	-7.00972772252303E-05
0.91	-6.97402336850878E-05
0.911	-6.9385395519441E-05
0.912	-6.9032747241081E-05
0.913	-6.86822730772006E-05
0.914	-6.83339571319469E-05
0.915	-6.79877842146398E-05
0.916	-6.76437387198983E-05
0.917	-6.73018054357965E-05
0.918	-6.69619692388851E-05
0.919	-6.66242151765877E-05
0.92	-6.62885283682461E-05
0.921	-6.59548941037476E-05
0.922	-6.56232976713201E-05
0.923	-6.52937244453599E-05
0.924	-6.49661599569142E-05
0.925	-6.46405902575847E-05
0.926	-6.43170009610307E-05
0.927	-6.39953780207238E-05
0.928	-6.36757073811552E-05
0.929	-6.33579754315296E-05
0.93	-6.30421683130158E-05
0.931	-6.27282725102312E-05
0.932	-6.2416274389389E-05
0.933	-6.21061605850583E-05
0.934	-6.17979177115963E-05
0.935	-6.14915328662037E-05
0.936	-6.11869929789133E-05
0.937	-6.0884284678322E-05
0.938	-6.05833954212406E-05
0.939	-6.02843124486517E-05
0.94	-5.99870229673448E-05
0.941	-5.96915145204393E-05
0.942	-5.93977747203241E-05
0.943	-5.91057910007239E-05
0.944	-5.88155511674706E-05
0.945	-5.85270430037586E-05
0.946	-5.8240254761687E-05
0.947	-5.79551740955509E-05
0.948	-5.76717890900289E-05
0.949	-5.73900883310879E-05
0.95	-5.71100600306762E-05
0.951	-5.68316923194696E-05
0.952	-5.6554973728293E-05
0.953	-5.62798931545113E-05
0.954	-5.60064391604595E-05
0.955	-5.57346004138425E-05
0.956	-5.54643658197501E-05
0.957	-5.5195724168484E-05
0.958	-5.49286647582403E-05
0.959	-5.46631764176646E-05
0.96	-5.43992484907001E-05
0.961	-5.4136870398188E-05
0.962	-5.38760312713817E-05
0.963	-5.36167208362189E-05
0.964	-5.33589279780977E-05
0.965	-5.31026431123227E-05
0.966	-5.28478558042016E-05
0.967	-5.2594555165256E-05
0.968	-5.23427316949843E-05
0.969	-5.20923751469088E-05
0.97	-5.18434756225648E-05
0.971	-5.15960229804863E-05
0.972	-5.13500075483177E-05
0.973	-5.11054194329906E-05
0.974	-5.0862249248853E-05
0.975	-5.06204873526972E-05
0.976	-5.03801237094647E-05
0.977	-5.01411491807013E-05
0.978	-4.99035546545119E-05
0.979	-4.9667330211015E-05
0.98	-4.94324673235026E-05
0.981	-4.91989562548409E-05
0.982	-4.89667883874503E-05
0.983	-4.87359540502748E-05
0.984	-4.85064447622172E-05
0.985	-4.8278251315098E-05
0.986	-4.80513655104392E-05
0.987	-4.78257778970927E-05
0.988	-4.76014800759889E-05
0.989	-4.73784632953594E-05
0.99	-4.71567192856822E-05
0.991	-4.69362390600555E-05
0.992	-4.67170147440088E-05
0.993	-4.64990376832983E-05
0.994	-4.62822994407863E-05
0.995	-4.6066791991517E-05
0.996	-4.58525072067156E-05
0.997	-4.56394368156999E-05
0.998	-4.54275726938192E-05
0.999	-4.52169070096084E-05
1	-4.50074321127937E-05
