-1	-4.42272207010691E-05
-0.999	-4.44290323191601E-05
-0.998	-4.46319783710638E-05
-0.997	-4.4836066724391E-05
-0.996	-4.50413045842597E-05
-0.995	-4.52476997367724E-05
-0.994	-4.54552599030596E-05
-0.993	-4.56639927611672E-05
-0.992	-4.58739059165812E-05
-0.991	-4.6085007521495E-05
-0.99	-4.62973054111722E-05
-0.989	-4.65108074541357E-05
-0.988	-4.67255218670762E-05
-0.987	-4.69414564710192E-05
-0.986	-4.71586198129831E-05
-0.985	-4.7377019947561E-05
-0.984	-4.75966650134067E-05
-0.983	-4.7817563470649E-05
-0.982	-4.8039723710176E-05
-0.981	-4.82631542679895E-05
-0.98	-4.84878637865584E-05
-0.979	-4.87138606036409E-05
-0.978	-4.89411537585193E-05
-0.977	-4.9169751644219E-05
-0.976	-4.93996632285495E-05
-0.975	-4.96308973722896E-05
-0.974	-4.98634630461084E-05
-0.973	-5.00973692665733E-05
-0.972	-5.03326249572611E-05
-0.971	-5.05692397256069E-05
-0.97	-5.08072224836507E-05
-0.969	-5.10465824526514E-05
-0.968	-5.12873290315025E-05
-0.967	-5.15294718173511E-05
-0.966	-5.17730202048306E-05
-0.965	-5.20179840091008E-05
-0.964	-5.22643725308335E-05
-0.963	-5.25121957055851E-05
-0.962	-5.27614634481075E-05
-0.961	-5.30121856622662E-05
-0.96	-5.32643721066663E-05
-0.959	-5.35180331013383E-05
-0.958	-5.37731784791124E-05
-0.957	-5.40298187102128E-05
-0.956	-5.42879638474308E-05
-0.955	-5.45476246752781E-05
-0.954	-5.48088111030663E-05
-0.953	-5.50715341910853E-05
-0.952	-5.53358040757894E-05
-0.951	-5.56016318763695E-05
-0.95	-5.58690280913908E-05
-0.949	-5.61380036991046E-05
-0.948	-5.64085698467442E-05
-0.947	-5.66807372253082E-05
-0.946	-5.69545173495547E-05
-0.945	-5.72299210447822E-05
-0.944	-5.75069599218393E-05
-0.943	-5.77856450497401E-05
-0.942	-5.80659886408625E-05
-0.941	-5.83480013760041E-05
-0.94	-5.86316955820961E-05
-0.939	-5.89170826928126E-05
-0.938	-5.92041749029797E-05
-0.937	-5.94929837733715E-05
-0.936	-5.9783521526819E-05
-0.935	-6.00758004752879E-05
-0.934	-6.03698326488143E-05
-0.933	-6.06656305126913E-05
-0.932	-6.09632064113921E-05
-0.931	-6.12625730359295E-05
-0.93	-6.15637429659335E-05
-0.929	-6.18667289250256E-05
-0.928	-6.21715439635284E-05
-0.927	-6.2478200569564E-05
-0.926	-6.27867123294759E-05
-0.925	-6.30970922755741E-05
-0.924	-6.34093535369362E-05
-0.923	-6.37235094151604E-05
-0.922	-6.4039573714777E-05
-0.921	-6.43575599079171E-05
-0.92	-6.46774815827682E-05
-0.919	-6.49993527979931E-05
-0.918	-6.53231873786117E-05
-0.917	-6.56489990564005E-05
-0.916	-6.59768025084286E-05
-0.915	-6.63066120754073E-05
-0.914	-6.66384414656453E-05
-0.913	-6.69723058632691E-05
-0.912	-6.73082196445638E-05
-0.911	-6.76461973609112E-05
-0.91	-6.79862543934562E-05
-0.909	-6.83284053467943E-05
-0.908	-6.86726654328894E-05
-0.907	-6.90190500772587E-05
-0.906	-6.93675744497033E-05
-0.905	-6.971825409687E-05
-0.904	-7.00711046789856E-05
-0.903	-7.04261418357999E-05
-0.902	-7.07833816469937E-05
-0.901	-7.11428400489656E-05
-0.9	-7.1504533260041E-05
-0.899	-7.18684773872484E-05
-0.898	-7.22346890876634E-05
-0.897	-7.26031846723279E-05
-0.896	-7.29739810481419E-05
-0.895	-7.33470949344429E-05
-0.894	-7.37225434244701E-05
-0.893	-7.41003435277653E-05
-0.892	-7.44805125858407E-05
-0.891	-7.48630678604083E-05
-0.89	-7.52480271400995E-05
-0.889	-7.56354078530836E-05
-0.888	-7.60252280973293E-05
-0.887	-7.64175057233481E-05
-0.886	-7.6812258910867E-05
-0.885	-7.72095061476306E-05
-0.884	-7.76092655024E-05
-0.883	-7.80115558432898E-05
-0.882	-7.84163959641877E-05
-0.881	-7.8823804701706E-05
-0.88	-7.92338013738499E-05
-0.879	-7.96464047963474E-05
-0.878	-8.00616347605467E-05
-0.877	-8.04795104738661E-05
-0.876	-8.09000521203641E-05
-0.875	-8.1323279542237E-05
-0.874	-8.17492124913345E-05
-0.873	-8.21778714364886E-05
-0.872	-8.2609276819879E-05
-0.871	-8.30434493407074E-05
-0.87	-8.34804095890079E-05
-0.869	-8.39201783960336E-05
-0.868	-8.43627772329432E-05
-0.867	-8.48082274224297E-05
-0.866	-8.52565501169771E-05
-0.865	-8.5707767120849E-05
-0.864	-8.61619004413747E-05
-0.863	-8.66189721647267E-05
-0.862	-8.70790042954727E-05
-0.861	-8.75420196075164E-05
-0.86	-8.80080404202167E-05
-0.859	-8.84770897768061E-05
-0.858	-8.89491905035979E-05
-0.857	-8.94243659324322E-05
-0.856	-8.99026394926116E-05
-0.855	-9.03840348776128E-05
-0.854	-9.08685759920688E-05
-0.853	-9.13562865769407E-05
-0.852	-9.18471911688432E-05
-0.851	-9.23413140603539E-05
-0.85	-9.283867993221E-05
-0.849	-9.33393138112679E-05
-0.848	-9.38432405999126E-05
-0.847	-9.43504859450382E-05
-0.846	-9.4861074988024E-05
-0.845	-9.53750338699665E-05
-0.844	-9.58923885579926E-05
-0.843	-9.64131650093213E-05
-0.842	-9.69373898581125E-05
-0.841	-9.74650896090039E-05
-0.84	-9.79962916177225E-05
-0.839	-9.8531022592287E-05
-0.838	-9.90693100362697E-05
-0.837	-9.96111820486578E-05
-0.836	-0.000100156665881
-0.835	-0.000100705790003
-0.834	-0.000101258582719
-0.833	-0.000101815072857
-0.832	-0.000102375288953
-0.831	-0.000102939260504
-0.83	-0.000103507016538
-0.829	-0.000104078587178
-0.828	-0.000104654001914
-0.827	-0.00010523329142
-0.826	-0.000105816485561
-0.825	-0.000106403615714
-0.824	-0.000106994712433
-0.823	-0.000107589807312
-0.822	-0.000108188931738
-0.821	-0.000108792117592
-0.82	-0.000109399397275
-0.819	-0.000110010802766
-0.818	-0.000110626367095
-0.817	-0.000111246123268
-0.816	-0.000111870104423
-0.815	-0.000112498344541
-0.814	-0.000113130877119
-0.813	-0.000113767736678
-0.812	-0.000114408957706
-0.811	-0.000115054575021
-0.81	-0.000115704623842
-0.809	-0.000116359139605
-0.808	-0.000117018157919
-0.807	-0.000117681715211
-0.806	-0.000118349848023
-0.805	-0.000119022593054
-0.804	-0.000119699987269
-0.803	-0.000120382068232
-0.802	-0.000121068873999
-0.801	-0.000121760442364
-0.8	-0.000122456811943
-0.799	-0.000123158021943
-0.798	-0.000123864111085
-0.797	-0.000124575119395
-0.796	-0.000125291086535
-0.795	-0.000126012052764
-0.794	-0.000126738058961
-0.793	-0.000127469146363
-0.792	-0.00012820535593
-0.791	-0.000128946729904
-0.79	-0.000129693310372
-0.789	-0.000130445140021
-0.788	-0.000131202261611
-0.787	-0.000131964718783
-0.786	-0.000132732555109
-0.785	-0.000133505814991
-0.784	-0.000134284543223
-0.783	-0.000135068784518
-0.782	-0.000135858584515
-0.781	-0.000136653988917
-0.78	-0.000137455044217
-0.779	-0.000138261797282
-0.778	-0.000139074295024
-0.777	-0.000139892585055
-0.776	-0.000140716715734
-0.775	-0.000141546735342
-0.774	-0.000142382693081
-0.773	-0.000143224638109
-0.772	-0.000144072620675
-0.771	-0.000144926691072
-0.77	-0.000145786899879
-0.769	-0.000146653298927
-0.768	-0.000147525939728
-0.767	-0.00014840487447
-0.766	-0.000149290156238
-0.765	-0.000150181838329
-0.764	-0.000151079974427
-0.763	-0.000151984619011
-0.762	-0.00015289582675
-0.761	-0.000153813653427
-0.76	-0.000154738154406
-0.759	-0.000155669386632
-0.758	-0.000156607406573
-0.757	-0.000157552272284
-0.756	-0.00015850404149
-0.755	-0.000159462772923
-0.754	-0.000160428525774
-0.753	-0.00016140135997
-0.752	-0.00016238133546
-0.751	-0.00016336851373
-0.75	-0.000164362955756
-0.749	-0.000165364724125
-0.748	-0.000166373881073
-0.747	-0.000167390490151
-0.746	-0.000168414615379
-0.745	-0.000169446321093
-0.744	-0.000170485672757
-0.743	-0.000171532735851
-0.742	-0.000172587576818
-0.741	-0.000173650263086
-0.74	-0.000174720862042
-0.739	-0.000175799442317
-0.738	-0.00017688607294
-0.737	-0.000177980823603
-0.736	-0.000179083764764
-0.735	-0.000180194967599
-0.734	-0.00018131450381
-0.733	-0.000182442445885
-0.732	-0.000183578867305
-0.731	-0.000184723841835
-0.73	-0.000185877444227
-0.729	-0.000187039749647
-0.728	-0.000188210834761
-0.727	-0.000189390775958
-0.726	-0.000190579651242
-0.725	-0.000191777538913
-0.724	-0.000192984518195
-0.723	-0.000194200669224
-0.722	-0.000195426072635
-0.721	-0.000196660809975
-0.72	-0.000197904963814
-0.719	-0.000199158617221
-0.718	-0.000200421854417
-0.717	-0.000201694760245
-0.716	-0.000202977420352
-0.715	-0.000204269921455
-0.714	-0.000205572351008
-0.713	-0.000206884797137
-0.712	-0.000208207349336
-0.711	-0.000209540097663
-0.71	-0.000210883133009
-0.709	-0.000212236547399
-0.708	-0.000213600433759
-0.707	-0.000214974885782
-0.706	-0.000216359998247
-0.705	-0.000217755866724
-0.704	-0.00021916258807
-0.703	-0.000220580259964
-0.702	-0.00022200898075
-0.701	-0.00022344885025
-0.7	-0.000224899969046
-0.699	-0.000226362438903
-0.698	-0.000227836362401
-0.697	-0.000229321843322
-0.696	-0.000230818986323
-0.695	-0.00023232789748
-0.694	-0.000233848683457
-0.693	-0.000235381452545
-0.692	-0.000236926313691
-0.691	-0.000238483377294
-0.69	-0.000240052754552
-0.689	-0.000241634558128
-0.688	-0.000243228901562
-0.687	-0.000244835899823
-0.686	-0.000246455668754
-0.685	-0.000248088325711
-0.684	-0.000249733989166
-0.683	-0.000251392778512
-0.682	-0.00025306481483
-0.681	-0.00025475022015
-0.68	-0.00025644911776
-0.679	-0.000258161632544
-0.678	-0.000259887890185
-0.677	-0.000261628018139
-0.676	-0.000263382144779
-0.675	-0.000265150400195
-0.674	-0.000266932915499
-0.673	-0.000268729823439
-0.672	-0.000270541257932
-0.671	-0.000272367354293
-0.67	-0.000274208249501
-0.669	-0.000276064081684
-0.668	-0.00027793499045
-0.667	-0.000279821117138
-0.666	-0.000281722604195
-0.665	-0.000283639595656
-0.664	-0.000285572237394
-0.663	-0.000287520676466
-0.662	-0.000289485061422
-0.661	-0.00029146554272
-0.66	-0.000293462272087
-0.659	-0.000295475402949
-0.658	-0.000297505090388
-0.657	-0.000299551491145
-0.656	-0.000301614763558
-0.655	-0.000303695067567
-0.654	-0.000305792565011
-0.653	-0.000307907419151
-0.652	-0.000310039795241
-0.651	-0.000312189860206
-0.65	-0.000314357782714
-0.649	-0.000316543733298
-0.648	-0.000318747884133
-0.647	-0.000320970409371
-0.646	-0.000323211485111
-0.645	-0.000325471289031
-0.644	-0.000327750001007
-0.643	-0.000330047802668
-0.642	-0.000332364877664
-0.641	-0.000334701411506
-0.64	-0.000337057591652
-0.639	-0.000339433607994
-0.638	-0.000341829651923
-0.637	-0.0003442459171
-0.636	-0.000346682599377
-0.635	-0.000349139896569
-0.634	-0.000351618008555
-0.633	-0.000354117137557
-0.632	-0.000356637487927
-0.631	-0.000359179266081
-0.63	-0.000361742680818
-0.629	-0.000364327943133
-0.628	-0.0003669352663
-0.627	-0.000369564865886
-0.626	-0.000372216959787
-0.625	-0.000374891768443
-0.624	-0.000377589514406
-0.623	-0.00038031042264
-0.622	-0.000383054720874
-0.621	-0.000385822639192
-0.62	-0.000388614409779
-0.619	-0.000391430267928
-0.618	-0.000394270451179
-0.617	-0.000397135199635
-0.616	-0.000400024756291
-0.615	-0.000402939366439
-0.614	-0.000405879278253
-0.613	-0.000408844742557
-0.612	-0.000411836013057
-0.611	-0.000414853346003
-0.61	-0.000417897000653
-0.609	-0.000420967238991
-0.608	-0.000424064325944
-0.607	-0.000427188529187
-0.606	-0.00043034011959
-0.605	-0.000433519370837
-0.604	-0.000436726559762
-0.603	-0.00043996196589
-0.602	-0.000443225872343
-0.601	-0.000446518564809
-0.6	-0.000449840332548
-0.599	-0.00045319146781
-0.598	-0.00045657226637
-0.597	-0.000459983026655
-0.596	-0.000463424050961
-0.595	-0.000466895644732
-0.594	-0.000470398116724
-0.593	-0.000473931779078
-0.592	-0.000477496947619
-0.591	-0.000481093941441
-0.59	-0.000484723083367
-0.589	-0.00048838469959
-0.588	-0.000492079120017
-0.587	-0.000495806678294
-0.586	-0.000499567711528
-0.585	-0.000503362561015
-0.584	-0.000507191571506
-0.583	-0.000511055091469
-0.582	-0.000514953473596
-0.581	-0.000518887074212
-0.58	-0.000522856253792
-0.579	-0.000526861376837
-0.578	-0.00053090281168
-0.577	-0.000534980931076
-0.576	-0.000539096111616
-0.575	-0.000543248734392
-0.574	-0.000547439184433
-0.573	-0.000551667851427
-0.572	-0.000555935129064
-0.571	-0.00056024141561
-0.57	-0.000564587113805
-0.569	-0.000568972630764
-0.568	-0.000573398378171
-0.567	-0.000577864772571
-0.566	-0.000582372234636
-0.565	-0.000586921190242
-0.564	-0.000591512069835
-0.563	-0.000596145308574
-0.562	-0.000600821346649
-0.561	-0.000605540629051
-0.56	-0.00061030360588
-0.559	-0.000615110732083
-0.558	-0.00061996246787
-0.557	-0.000624859278535
-0.556	-0.000629801634579
-0.555	-0.000634790011684
-0.554	-0.000639824890983
-0.553	-0.000644906758898
-0.552	-0.000650036107327
-0.551	-0.00065521343373
-0.55	-0.000660439240892
-0.549	-0.000665714037667
-0.548	-0.000671038338018
-0.547	-0.000676412662166
-0.546	-0.000681837535733
-0.545	-0.000687313490661
-0.544	-0.000692841064319
-0.543	-0.000698420800471
-0.542	-0.000704053248775
-0.541	-0.000709738965061
-0.54	-0.000715478511289
-0.539	-0.000721272455828
-0.538	-0.000727121373221
-0.537	-0.000733025844477
-0.536	-0.000738986457104
-0.535	-0.000745003805163
-0.534	-0.000751078489059
-0.533	-0.000757211116289
-0.532	-0.000763402300821
-0.531	-0.00076965266345
-0.53	-0.000775962831938
-0.529	-0.000782333440914
-0.528	-0.000788765132137
-0.527	-0.000795258554273
-0.526	-0.000801814363403
-0.525	-0.000808433222762
-0.524	-0.000815115802781
-0.523	-0.000821862781377
-0.522	-0.000828674843944
-0.521	-0.000835552683261
-0.52	-0.000842497000006
-0.519	-0.000849508502326
-0.518	-0.000856587906141
-0.517	-0.000863735935228
-0.516	-0.000870953321368
-0.515	-0.000878240804057
-0.514	-0.000885599131074
-0.513	-0.000893029058364
-0.512	-0.000900531349955
-0.511	-0.000908106778174
-0.51	-0.00091575612366
-0.509	-0.000923480175704
-0.508	-0.00093127973186
-0.507	-0.000939155598269
-0.506	-0.00094710859013
-0.505	-0.00095513953077
-0.504	-0.000963249252792
-0.503	-0.000971438597409
-0.502	-0.000979708414969
-0.501	-0.000988059564801
-0.5	-0.000996492915274
-0.499	-0.001005009343966
-0.498	-0.001013609737776
-0.497	-0.001022294992792
-0.496	-0.001031066014684
-0.495	-0.00103992371843
-0.494	-0.001048869028569
-0.493	-0.001057902879238
-0.492	-0.001067026214329
-0.491	-0.001076239987322
-0.49	-0.001085545161691
-0.489	-0.001094942710622
-0.488	-0.001104433617321
-0.487	-0.001114018874939
-0.486	-0.001123699486688
-0.485	-0.001133476465873
-0.484	-0.001143350836044
-0.483	-0.001153323630979
-0.482	-0.001163395894638
-0.481	-0.001173568681389
-0.48	-0.001183843055994
-0.479	-0.001194220093598
-0.478	-0.001204700879856
-0.477	-0.001215286510959
-0.476	-0.001225978093684
-0.475	-0.001236776745351
-0.474	-0.001247683593932
-0.473	-0.001258699778074
-0.472	-0.001269826447145
-0.471	-0.00128106476122
-0.47	-0.001292415891115
-0.469	-0.001303881018451
-0.468	-0.001315461335504
-0.467	-0.001327158045502
-0.466	-0.001338972362441
-0.465	-0.001350905510964
-0.464	-0.001362958726783
-0.463	-0.001375133255986
-0.462	-0.001387430355922
-0.461	-0.001399851294364
-0.46	-0.001412397349907
-0.459	-0.001425069811916
-0.458	-0.001437869980274
-0.457	-0.001450799165622
-0.456	-0.00146385868918
-0.455	-0.001477049882501
-0.454	-0.001490374087889
-0.453	-0.001503832657714
-0.452	-0.001517426954816
-0.451	-0.001531158352296
-0.45	-0.001545028233288
-0.449	-0.001559037990864
-0.448	-0.00157318902816
-0.447	-0.001587482757911
-0.446	-0.001601920602588
-0.445	-0.001616503994112
-0.444	-0.001631234373709
-0.443	-0.001646113191788
-0.442	-0.001661141907666
-0.441	-0.001676321989456
-0.44	-0.001691654913963
-0.439	-0.001707142166164
-0.438	-0.001722785239091
-0.437	-0.00173858563378
-0.436	-0.001754544858783
-0.435	-0.001770664429995
-0.434	-0.001786945870204
-0.433	-0.001803390708947
-0.432	-0.001820000481904
-0.431	-0.001836776731127
-0.43	-0.001853721003883
-0.429	-0.001870834852808
-0.428	-0.00188811983531
-0.427	-0.001905577513069
-0.426	-0.001923209451708
-0.425	-0.001941017220216
-0.424	-0.00195900239044
-0.423	-0.001977166536532
-0.422	-0.001995511234512
-0.421	-0.002014038061378
-0.42	-0.002032748594841
-0.419	-0.002051644412371
-0.418	-0.002070727090845
-0.417	-0.002089998205368
-0.416	-0.002109459328917
-0.415	-0.002129112031439
-0.414	-0.002148957878957
-0.413	-0.002168998432653
-0.412	-0.00218923524839
-0.411	-0.00220966987509
-0.41	-0.002230303854382
-0.409	-0.002251138719177
-0.408	-0.00227217599281
-0.407	-0.002293417187788
-0.406	-0.002314863804762
-0.405	-0.002336517331291
-0.404	-0.002358379240425
-0.403	-0.002380450989513
-0.402	-0.002402734018911
-0.401	-0.002425229750422
-0.4	-0.002447939585799
-0.399	-0.002470864905305
-0.398	-0.002494007066072
-0.397	-0.002517367400306
-0.396	-0.00254094721385
-0.395	-0.002564747783953
-0.394	-0.002588770357797
-0.393	-0.002613016150174
-0.392	-0.002637486341777
-0.391	-0.002662182076992
-0.39	-0.00268710446156
-0.389	-0.002712254560598
-0.388	-0.002737633395952
-0.387	-0.002763241943972
-0.386	-0.002789081132856
-0.385	-0.002815151840146
-0.384	-0.002841454889875
-0.383	-0.002867991049955
-0.382	-0.002894761029058
-0.381	-0.002921765473713
-0.38	-0.002949004965158
-0.379	-0.002976480016194
-0.378	-0.003004191067772
-0.377	-0.00303213848556
-0.376	-0.003060322556499
-0.375	-0.003088743484994
-0.374	-0.003117401389078
-0.373	-0.003146296296833
-0.372	-0.003175428141976
-0.371	-0.003204796760038
-0.37	-0.003234401883832
-0.369	-0.003264243139181
-0.368	-0.003294320040454
-0.367	-0.003324631985715
-0.366	-0.003355178252298
-0.365	-0.003385957991462
-0.364	-0.00341697022385
-0.363	-0.003448213833889
-0.362	-0.003479687564851
-0.361	-0.003511390013276
-0.36	-0.003543319623532
-0.359	-0.003575474682139
-0.358	-0.003607853312094
-0.357	-0.003640453467033
-0.356	-0.003673272925265
-0.355	-0.00370630928358
-0.354	-0.003739559951573
-0.353	-0.003773022144948
-0.352	-0.00380669287962
-0.351	-0.003840568965234
-0.35	-0.003874646999026
-0.349	-0.003908923359206
-0.348	-0.00394339419892
-0.347	-0.003978055439701
-0.346	-0.004012902765414
-0.345	-0.004047931615898
-0.344	-0.004083137180951
-0.343	-0.004118514394461
-0.342	-0.004154057928569
-0.341	-0.004189762188236
-0.34	-0.004225621305909
-0.339	-0.004261629136653
-0.338	-0.004297779253557
-0.337	-0.004334064943797
-0.336	-0.004370479204849
-0.335	-0.004407014741571
-0.334	-0.004443663964119
-0.333	-0.004480418986306
-0.332	-0.004517271624937
-0.331	-0.004554213400407
-0.33	-0.004591235538096
-0.329	-0.004628328971348
-0.328	-0.004665484345685
-0.327	-0.004702692024803
-0.326	-0.00473994209816
-0.325	-0.004777224390966
-0.324	-0.004814528475981
-0.323	-0.004851843688139
-0.322	-0.004889159141856
-0.321	-0.004926463751496
-0.32	-0.004963746255274
-0.319	-0.005000995242782
-0.318	-0.005038199187086
-0.317	-0.005075346481277
-0.316	-0.005112425480191
-0.315	-0.005149424547925
-0.314	-0.005186332111754
-0.313	-0.005223136722676
-0.312	-0.005259827124075
-0.311	-0.005296392328544
-0.31	-0.0053328217042
-0.309	-0.005369105071403
-0.308	-0.005405232810276
-0.307	-0.005441195981598
-0.306	-0.005476986460705
-0.305	-0.005512597086764
-0.304	-0.005548021828891
-0.303	-0.005583255970193
-0.302	-0.005618296312416
-0.301	-0.005653141402315
-0.3	-0.005687791782869
-0.299	-0.005722250270744
-0.298	-0.005756522263715
-0.297	-0.005790616080138
-0.296	-0.005824543334371
-0.295	-0.005858319350784
-0.294	-0.005891963621533
-0.293	-0.005925500310895
-0.292	-0.005958958811867
-0.291	-0.005992374360112
-0.29	-0.00602578871026
-0.289	-0.006059250881312
-0.288	-0.006092817977969
-0.287	-0.006126556095005
-0.286	-0.006160541313486
-0.285	-0.006194860797415
-0.284	-0.006229614000545
-0.283	-0.006264913995481
-0.282	-0.006300888935358
-0.281	-0.006337683662615
-0.28	-0.006375461478854
-0.279	-0.006414406091494
-0.278	-0.006454723754982
-0.277	-0.006496645625611
-0.276	-0.006540430350564
-0.275	-0.006586366915096
-0.274	-0.006634777771816
-0.273	-0.006686022280828
-0.272	-0.006740500490686
-0.271	-0.006798657292541
-0.27	-0.006860986984632
-0.269	-0.006928038286386
-0.268	-0.007000419844525
-0.267	-0.007078806279536
-0.266	-0.007163944821865
-0.265	-0.007256662595357
-0.264	-0.007357874606191
-0.263	-0.007468592504654
-0.262	-0.007589934187894
-0.261	-0.007723134321617
-0.26	-0.007869555860737
-0.259	-0.008030702656254
-0.258	-0.00820823324183
-0.257	-0.008403975897122
-0.256	-0.008619945091765
-0.255	-0.008858359418016
-0.254	-0.009121661122986
-0.253	-0.009412537356144
-0.252	-0.009733943243315
-0.251	-0.010089126906486
-0.25	-0.01048165653218
-0.249	-0.010915449594082
-0.248	-0.011394804311746
-0.247	-0.011924433417693
-0.246	-0.012509500268469
-0.245	-0.013155657300627
-0.244	-0.01386908677946
-0.243	-0.014656543732493
-0.242	-0.015525400848634
-0.241	-0.016483695047079
-0.24	-0.017540175264159
-0.239	-0.018704350825521
-0.238	-0.019986539592144
-0.237	-0.021397914784817
-0.236	-0.022950549081266
-0.235	-0.024657454224515
-0.234	-0.026532613916131
-0.233	-0.028591007273308
-0.232	-0.030848619485749
-0.231	-0.033322435711089
-0.23	-0.036030413383604
-0.229	-0.038991427416524
-0.228	-0.04222518185502
-0.227	-0.045752080805884
-0.226	-0.049593050659709
-0.225	-0.053769305223102
-0.224	-0.058302045190658
-0.223	-0.06321208374992
-0.222	-0.068519391392378
-0.221	-0.074242555139035
-0.22	-0.080398151117366
-0.219	-0.087000034553675
-0.218	-0.094058558212437
-0.217	-0.101579739254612
-0.216	-0.109564404869067
-0.215	-0.118007358024471
-0.214	-0.126896616217581
-0.213	-0.136212784866652
-0.212	-0.145928632569376
-0.211	-0.156008934807139
-0.21	-0.16641064390622
-0.209	-0.177083425655023
-0.208	-0.187970576632752
-0.207	-0.199010303486689
-0.206	-0.210137309882267
-0.205	-0.221284603635026
-0.204	-0.232385411112343
-0.203	-0.243375073032832
-0.202	-0.254192797226626
-0.201	-0.264783160351383
-0.2	-0.275097278104252
-0.199	-0.285093598056746
-0.198	-0.294738305447045
-0.197	-0.304005364126115
-0.196	-0.312876239976545
-0.195	-0.321339369890926
-0.194	-0.329389445745741
-0.193	-0.337026581846089
-0.192	-0.344255426949474
-0.191	-0.351084271688216
-0.19	-0.357524190156875
-0.189	-0.363588242815065
-0.188	-0.369290757396664
-0.187	-0.374646696355597
-0.186	-0.379671112669915
-0.185	-0.384378691608394
-0.184	-0.388783373352037
-0.183	-0.392898049766279
-0.182	-0.396734328381439
-0.181	-0.400302356969485
-0.18	-0.403610702756274
-0.179	-0.406666281750673
-0.178	-0.409474334754519
-0.177	-0.412038448303921
-0.176	-0.414360620176594
-0.175	-0.416441370524505
-0.174	-0.418279901090954
-0.173	-0.419874305958602
-0.172	-0.421221838047485
-0.171	-0.422319235835575
-0.17	-0.423163114260661
-0.169	-0.423750422362679
-0.168	-0.424078967485777
-0.167	-0.424148001600334
-0.166	-0.42395885918591
-0.165	-0.423515628039204
-0.164	-0.422825824480981
-0.163	-0.421901033248102
-0.162	-0.420757460886664
-0.161	-0.419416341373805
-0.16	-0.417904126135298
-0.159	-0.416252390162476
-0.158	-0.414497394224404
-0.157	-0.412679262162871
-0.156	-0.41084076286956
-0.155	-0.409025727651757
-0.154	-0.407277181775466
-0.153	-0.405635318219984
-0.152	-0.404135484046402
-0.151	-0.402806376536075
-0.15	-0.40166864925039
-0.149	-0.400734101556956
-0.148	-0.400005567744839
-0.147	-0.399477538014858
-0.146	-0.399137444570014
-0.145	-0.398967448742036
-0.144	-0.398946489674652
-0.143	-0.399052320019653
-0.142	-0.399263270348374
-0.141	-0.399559550351878
-0.14	-0.39992399676784
-0.139	-0.400342290636236
-0.138	-0.400802762448747
-0.137	-0.401295961076386
-0.136	-0.401814170968328
-0.135	-0.40235102569017
-0.134	-0.402901299557883
-0.133	-0.403460884021439
-0.132	-0.404026892373719
-0.131	-0.404597800549903
-0.13	-0.405173529467253
-0.129	-0.405755402121156
-0.128	-0.406345955150961
-0.127	-0.406948634423756
-0.126	-0.407567442554887
-0.125	-0.408206623001921
-0.124	-0.408870457350885
-0.123	-0.409563223593724
-0.122	-0.410289322983678
-0.121	-0.411053542984364
-0.12	-0.411861394734196
-0.119	-0.41271945233439
-0.118	-0.41363563001744
-0.117	-0.414619358375447
-0.116	-0.415681654562235
-0.115	-0.416835114490481
-0.114	-0.418093878931763
-0.113	-0.419473634950051
-0.112	-0.420991708112284
-0.111	-0.422667282264296
-0.11	-0.424521758016819
-0.109	-0.426579234663966
-0.108	-0.42886707883557
-0.107	-0.431416529854362
-0.106	-0.434263286951057
-0.105	-0.437448024550834
-0.104	-0.441016783397845
-0.103	-0.445021180712657
-0.102	-0.449518363822133
-0.101	-0.454570590587773
-0.1	-0.460244247179401
-0.099	-0.466607998907465
-0.098	-0.473729600538766
-0.097	-0.481670655078943
-0.096	-0.490478295295148
-0.095	-0.500172377614993
-0.094	-0.51072638379752
-0.093	-0.522040007002029
-0.092	-0.533901804225005
-0.091	-0.545942247243501
-0.09	-0.557582534353044
-0.089	-0.567994351712109
-0.088	-0.576100060596246
-0.087	-0.580654093647339
-0.086	-0.580435690095516
-0.085	-0.574530154255165
-0.084	-0.562594940409006
-0.083	-0.544970576922706
-0.082	-0.52256976792486
-0.081	-0.496612478122874
-0.08	-0.468346029364232
-0.079	-0.438852160499798
-0.078	-0.408963499923962
-0.077	-0.37926041521859
-0.076	-0.350108851063663
-0.075	-0.321710624357596
-0.074	-0.294151432717028
-0.073	-0.267441306129189
-0.072	-0.241546834617753
-0.071	-0.216415644712624
-0.07	-0.19199292127589
-0.069	-0.168229160743774
-0.068	-0.145079537195546
-0.067	-0.122498085133451
-0.066	-0.100431660875624
-0.065	-0.078817242068777
-0.064	-0.057582970209973
-0.063	-0.036651262994098
-0.062	-0.015942233029252
-0.061	0.004623428812902
-0.06	0.025122052957278
-0.059	0.045624527775675
-0.058	0.066193132017877
-0.057	0.086877352705721
-0.056	0.107709274762434
-0.055	0.128700504480494
-0.054	0.149843551928292
-0.053	0.171119522916308
-0.052	0.192510410383544
-0.051	0.214010895403198
-0.05	0.235634890801549
-0.049	0.25741575485991
-0.048	0.279402432548644
-0.047	0.301654454411283
-0.046	0.324237530709633
-0.045	0.34722006145518
-0.044	0.370670018925961
-0.043	0.394651377313049
-0.042	0.419219478481973
-0.041	0.444415526534324
-0.04	0.470261874893494
-0.039	0.496761322388561
-0.038	0.523903573190651
-0.037	0.551678797988005
-0.036	0.580093421002746
-0.035	0.609181418792171
-0.034	0.639007680786179
-0.033	0.669664912382597
-0.032	0.701267869757502
-0.031	0.733947906417032
-0.03	0.767848928520875
-0.029	0.803124449343744
-0.028	0.839934846343351
-0.027	0.878444008921615
-0.026	0.918815299845854
-0.025	0.9612082308186
-0.024	1.00577911280824
-0.023	1.05268961043723
-0.022	1.1021244061677
-0.021	1.15431332727638
-0.02	1.20954900540646
-0.019	1.26819287170673
-0.018	1.33066783835932
-0.017	1.39743919858002
-0.016	1.46898347421842
-0.015	1.54574026246273
-0.014	1.62803765874645
-0.013	1.71598008526641
-0.012	1.80929177206798
-0.011	1.90712536788424
-0.01	2.00787822728308
-0.009	2.10910307781913
-0.008	2.20762427966967
-0.007	2.29992495800911
-0.006	2.38273427667804
-0.005	2.45359356400971
-0.004	2.51115279869033
-0.003	2.55509527195993
-0.002	2.58578845261533
-0.001	2.6038539595265
0	2.60981023424609
0.001	2.60385395962055
0.002	2.58578845278526
0.003	2.55509527216351
0.004	2.51115279893934
0.005	2.45359356420901
0.006	2.38273427679251
0.007	2.29992495798423
0.008	2.2076242795459
0.009	2.10910307758944
0.01	2.00787822707086
0.011	1.90712536758733
0.012	1.80929177182224
0.013	1.71598008502409
0.014	1.62803765860269
0.015	1.5457402623885
0.016	1.46898347425629
0.017	1.39743919871592
0.018	1.33066783867156
0.019	1.26819287214836
0.02	1.20954900600477
0.021	1.1543133280199
0.022	1.10212440706176
0.023	1.05268961153282
0.024	1.00577911405189
0.025	0.961208232254377
0.026	0.918815301471111
0.027	0.8784440107249
0.028	0.839934848345537
0.029	0.803124451569351
0.03	0.767848930934705
0.031	0.733947909066869
0.032	0.701267872645375
0.033	0.66966491552439
0.034	0.639007684167259
0.035	0.609181422443176
0.036	0.580093424904646
0.037	0.551678802196301
0.038	0.523903577668607
0.039	0.496761327179138
0.04	0.470261879995394
0.041	0.444415531982694
0.042	0.419219484244611
0.043	0.394651383441307
0.044	0.370670025414942
0.045	0.347220068293592
0.046	0.324237537946918
0.047	0.301654462062763
0.048	0.279402440630628
0.049	0.257415763390253
0.05	0.235634899801272
0.051	0.214010904877944
0.052	0.192510420382171
0.053	0.171119533451237
0.054	0.149843563006316
0.055	0.128700516156483
0.056	0.107709287037158
0.057	0.086877365606961
0.058	0.066193145578695
0.059	0.045624542016819
0.06	0.025122067883572
0.061	0.004623444484664
0.062	-0.015942216584681
0.063	-0.036651245743753
0.064	-0.057582952081563
0.065	-0.078817223048635
0.066	-0.100431640935443
0.067	-0.122498064212112
0.068	-0.145079515252436
0.069	-0.168229137753284
0.07	-0.191992897189561
0.071	-0.216415619531116
0.072	-0.241546808298438
0.073	-0.267441278641457
0.074	-0.294151404070331
0.075	-0.321710594569194
0.076	-0.35010882003945
0.077	-0.37926038300681
0.078	-0.408963466507914
0.079	-0.438852125892041
0.08	-0.468345993559457
0.081	-0.496612441198678
0.082	-0.522569729873974
0.083	-0.544970537855334
0.084	-0.562594900434262
0.085	-0.574530113422055
0.086	-0.580435648512593
0.087	-0.580654051406782
0.088	-0.57610001779315
0.089	-0.567994308458743
0.09	-0.55758249076366
0.091	-0.545942203455819
0.092	-0.533901760397882
0.093	-0.522039963295857
0.094	-0.510726340386773
0.095	-0.500172334695212
0.096	-0.490478253061041
0.097	-0.481670613740247
0.098	-0.473729560338893
0.099	-0.466607960108268
0.1	-0.460244210083252
0.101	-0.454570555560918
0.102	-0.449518331270453
0.103	-0.445021151121743
0.104	-0.441016757316917
0.105	-0.4374480026019
0.106	-0.434263269816265
0.107	-0.431416518258443
0.108	-0.428867073523168
0.109	-0.426579236349775
0.11	-0.424521767346598
0.111	-0.422667299735984
0.112	-0.420991734012255
0.113	-0.419473669270027
0.114	-0.418093921292831
0.115	-0.416835164090885
0.116	-0.415681710133584
0.117	-0.414619418180636
0.118	-0.413635691885558
0.119	-0.412719513732956
0.12	-0.411861452884058
0.121	-0.411053594992519
0.122	-0.410289365993037
0.123	-0.409563254925622
0.124	-0.408870474632912
0.125	-0.40820662426204
0.126	-0.407567426281597
0.127	-0.40694859959212
0.128	-0.406345901212497
0.129	-0.405755328973219
0.13	-0.405173437402653
0.131	-0.404597690198516
0.132	-0.404026764646372
0.133	-0.403460740056198
0.134	-0.402901140683567
0.135	-0.402350853398273
0.136	-0.401813986904092
0.137	-0.401295767038503
0.138	-0.400802560396401
0.139	-0.400342082691662
0.14	-0.399923785206983
0.141	-0.399559337577992
0.142	-0.3992630588399
0.143	-0.399052112257428
0.144	-0.398946288053183
0.145	-0.398967255473923
0.146	-0.399137261595552
0.147	-0.399477366928246
0.148	-0.400005409745464
0.149	-0.400733957428389
0.15	-0.401668519370222
0.151	-0.402806260909537
0.152	-0.404135382355299
0.153	-0.405635229883793
0.154	-0.407277106019249
0.155	-0.409025663568685
0.156	-0.410840709473051
0.157	-0.412679218433486
0.158	-0.414497359150446
0.159	-0.416252362766799
0.16	-0.417904105493868
0.161	-0.419416326627577
0.162	-0.420757451246157
0.163	-0.421901028002417
0.164	-0.422825822989339
0.165	-0.423515629732176
0.166	-0.423958863560737
0.167	-0.424148008214121
0.168	-0.424078975951519
0.169	-0.423750432343672
0.17	-0.423163125464171
0.171	-0.422319248009289
0.172	-0.421221850974606
0.173	-0.419874319451219
0.174	-0.418279914989683
0.175	-0.416441384693447
0.176	-0.414360634500999
0.177	-0.412038462689137
0.178	-0.40947434911381
0.179	-0.406666296019596
0.18	-0.403610716874435
0.181	-0.400302370892638
0.182	-0.396734342072791
0.183	-0.392898063191003
0.184	-0.388783386492235
0.185	-0.38437870443946
0.186	-0.379671125175432
0.187	-0.374646708530967
0.188	-0.369290769232986
0.189	-0.363588254308097
0.19	-0.357524201311305
0.191	-0.351084282488337
0.192	-0.344255437406754
0.193	-0.337026591966911
0.194	-0.329389455533982
0.195	-0.321339379341479
0.196	-0.312876249104421
0.197	-0.304005372932911
0.198	-0.294738313943483
0.199	-0.285093606249113
0.2	-0.275097286001623
0.201	-0.264783167956644
0.202	-0.254192804546043
0.203	-0.243375080085255
0.204	-0.232385417909586
0.205	-0.22128461016506
0.206	-0.210137316169399
0.207	-0.199010309528633
0.208	-0.187970582453086
0.209	-0.177083431249449
0.21	-0.1664106492876
0.211	-0.156008939983726
0.212	-0.145928637550021
0.213	-0.136212789660121
0.214	-0.126896620822708
0.215	-0.118007362457289
0.216	-0.109564409130056
0.217	-0.101579743354521
0.218	-0.09405856215515
0.219	-0.087000038351366
0.22	-0.080398154772675
0.221	-0.074242558647993
0.222	-0.068519394774927
0.223	-0.063212087003734
0.224	-0.058302048320096
0.225	-0.053769308239418
0.226	-0.049593053561184
0.227	-0.045752083602687
0.228	-0.042225184549865
0.229	-0.03899143000997
0.23	-0.036030415883778
0.231	-0.033322438119196
0.232	-0.030848621805451
0.233	-0.02859100950934
0.234	-0.026532616071858
0.235	-0.024657456302632
0.236	-0.02295055108549
0.237	-0.021397916716038
0.238	-0.019986541454692
0.239	-0.018704352622514
0.24	-0.017540176997822
0.241	-0.01648369671981
0.242	-0.015525402462099
0.243	-0.014656545289807
0.244	-0.013869088283363
0.245	-0.01315565875155
0.246	-0.012509501669924
0.247	-0.011924434770589
0.248	-0.01139480561862
0.249	-0.010915450856472
0.25	-0.010481657752207
0.251	-0.010089128085238
0.252	-0.009733944382291
0.253	-0.00941253845688
0.254	-0.009121662187194
0.255	-0.00885836044661
0.256	-0.008619946086376
0.257	-0.008403976859144
0.258	-0.008208234172334
0.259	-0.00803070355648
0.26	-0.007869556731688
0.261	-0.007723135164306
0.262	-0.00758993500333
0.263	-0.007468593293911
0.264	-0.007357875370273
0.265	-0.007256663335091
0.266	-0.007163945538162
0.267	-0.007078806973166
0.268	-0.007000420516398
0.269	-0.006928038937148
0.27	-0.006860987615078
0.271	-0.006798657903355
0.272	-0.006740501082614
0.273	-0.00668602285455
0.274	-0.006634778327866
0.275	-0.006586367454191
0.276	-0.006540430873222
0.277	-0.006496646132373
0.278	-0.006454724246437
0.279	-0.006414406568151
0.28	-0.006375461941202
0.281	-0.006337684111145
0.282	-0.006300889370559
0.283	-0.006264914417765
0.284	-0.006229614410358
0.285	-0.006194861195145
0.286	-0.006160541699613
0.287	-0.006126556469787
0.288	-0.006092818341808
0.289	-0.006059251234633
0.29	-0.006025789053397
0.291	-0.005992374693386
0.292	-0.005958959135541
0.293	-0.005925500625307
0.294	-0.005891963926995
0.295	-0.005858319647584
0.296	-0.005824543622715
0.297	-0.005790616360374
0.298	-0.005756522536072
0.299	-0.005722250535492
0.3	-0.005687792040216
0.301	-0.005653141652523
0.302	-0.005618296555652
0.303	-0.005583256206704
0.304	-0.005548022058887
0.305	-0.005512597310444
0.306	-0.005476986678271
0.307	-0.005441196193197
0.308	-0.005405233016127
0.309	-0.005369105271633
0.31	-0.005332821899124
0.311	-0.005296392518145
0.312	-0.005259827308571
0.313	-0.00522313690226
0.314	-0.005186332286524
0.315	-0.005149424718059
0.316	-0.005112425645754
0.317	-0.005075346642465
0.318	-0.005038199344028
0.319	-0.005000995395606
0.32	-0.004963746404114
0.321	-0.004926463896444
0.322	-0.004889159282979
0.323	-0.004851843825571
0.324	-0.004814528609841
0.325	-0.00477722452137
0.326	-0.004739942225239
0.327	-0.004702692148565
0.328	-0.004665484466308
0.329	-0.004628329088828
0.33	-0.004591235652605
0.331	-0.004554213511994
0.332	-0.004517271733656
0.333	-0.004480419092294
0.334	-0.004443664067414
0.335	-0.004407014842224
0.336	-0.004370479302939
0.337	-0.004334065039462
0.338	-0.004297779346833
0.339	-0.004261629227563
0.34	-0.004225621394581
0.341	-0.004189762274677
0.342	-0.004154058012853
0.343	-0.004118514476649
0.344	-0.004083137261113
0.345	-0.004047931694086
0.346	-0.004012902841636
0.347	-0.003978055514092
0.348	-0.003943394271438
0.349	-0.003908923429981
0.35	-0.003874647068056
0.351	-0.003840569032598
0.352	-0.00380669294532
0.353	-0.003773022209066
0.354	-0.003739560014137
0.355	-0.003706309344628
0.356	-0.003673272984787
0.357	-0.003640453525133
0.358	-0.003607853368787
0.359	-0.003575474737461
0.36	-0.003543319677535
0.361	-0.003511390065983
0.362	-0.003479687616331
0.363	-0.003448213884154
0.364	-0.003416970272855
0.365	-0.003385958039303
0.366	-0.003355178298974
0.367	-0.003324632031296
0.368	-0.003294320084926
0.369	-0.003264243182629
0.37	-0.003234401926265
0.371	-0.003204796801486
0.372	-0.003175428182415
0.373	-0.003146296336296
0.374	-0.00311740142762
0.375	-0.003088743522582
0.376	-0.00306032259322
0.377	-0.003032138521441
0.378	-0.003004191102799
0.379	-0.002976480050378
0.38	-0.002949004998523
0.381	-0.002921765506322
0.382	-0.002894761060925
0.383	-0.002867991081081
0.384	-0.002841454920262
0.385	-0.002815151869789
0.386	-0.002789081161847
0.387	-0.002763241972282
0.388	-0.00273763342359
0.389	-0.002712254587646
0.39	-0.002687104487946
0.391	-0.002662182102785
0.392	-0.002637486366943
0.393	-0.002613016174694
0.394	-0.00258877038177
0.395	-0.002564747807424
0.396	-0.00254094723673
0.397	-0.002517367422701
0.398	-0.002494007087921
0.399	-0.00247086492666
0.4	-0.002447939606636
0.401	-0.002425229770765
0.402	-0.002402734038839
0.403	-0.002380451008945
0.404	-0.002358379259373
0.405	-0.002336517349839
0.406	-0.002314863822867
0.407	-0.002293417205499
0.408	-0.002272176010057
0.409	-0.002251138736024
0.41	-0.002230303870852
0.411	-0.002209669891184
0.412	-0.00218923526408
0.413	-0.002168998448057
0.414	-0.002148957893881
0.415	-0.002129112046073
0.416	-0.002109459343193
0.417	-0.002089998219357
0.418	-0.002070727104446
0.419	-0.002051644425686
0.42	-0.00203274860783
0.421	-0.002014038074048
0.422	-0.001995511246856
0.423	-0.001977166548677
0.424	-0.001959002402312
0.425	-0.001941017231774
0.426	-0.001923209462991
0.427	-0.001905577524038
0.428	-0.001888119846026
0.429	-0.001870834863296
0.43	-0.001853721014131
0.431	-0.001836776741112
0.432	-0.001820000491664
0.433	-0.001803390718423
0.434	-0.001786945879484
0.435	-0.001770664439076
0.436	-0.001754544867666
0.437	-0.001738585642411
0.438	-0.001722785247542
0.439	-0.00170714217436
0.44	-0.001691654922017
0.441	-0.001676321997356
0.442	-0.001661141915346
0.443	-0.00164611319923
0.444	-0.001631234380962
0.445	-0.001616504001261
0.446	-0.001601920609505
0.447	-0.001587482764671
0.448	-0.001573189034723
0.449	-0.001559037997285
0.45	-0.001545028239568
0.451	-0.001531158358392
0.452	-0.001517426960786
0.453	-0.001503832663494
0.454	-0.001490374093499
0.455	-0.001477049888024
0.456	-0.001463858694556
0.457	-0.001450799170887
0.458	-0.001437869985362
0.459	-0.001425069816876
0.46	-0.001412397354726
0.461	-0.001399851299083
0.462	-0.001387430360501
0.463	-0.001375133260482
0.464	-0.001362958731078
0.465	-0.001350905515223
0.466	-0.001338972366579
0.467	-0.001327158049525
0.468	-0.001315461339416
0.469	-0.001303881022251
0.47	-0.001292415894827
0.471	-0.001281064764815
0.472	-0.001269826450685
0.473	-0.001258699781501
0.474	-0.001247683597275
0.475	-0.001236776748584
0.476	-0.001225978096823
0.477	-0.001215286513988
0.478	-0.001204700882809
0.479	-0.001194220096448
0.48	-0.001183843058748
0.481	-0.0011735686841
0.482	-0.001163395897244
0.483	-0.001153323633534
0.484	-0.001143350838525
0.485	-0.001133476468263
0.486	-0.001123699488996
0.487	-0.001114018877227
0.488	-0.001104433619536
0.489	-0.001094942712733
0.49	-0.001085545163787
0.491	-0.001076239989337
0.492	-0.001067026216189
0.493	-0.001057902881063
0.494	-0.001048869030318
0.495	-0.001039923720195
0.496	-0.001031066016374
0.497	-0.001022294994448
0.498	-0.001013609739286
0.499	-0.001005009345469
0.5	-0.000996492916739
0.501	-0.000988059566179
0.502	-0.000979708416287
0.503	-0.000971438598712
0.504	-0.00096324925405
0.505	-0.000955139532025
0.506	-0.000947108591309
0.507	-0.000939155599471
0.508	-0.000931279732949
0.509	-0.000923480176708
0.51	-0.000915756124717
0.511	-0.000908106779006
0.512	-0.000900531350815
0.513	-0.000893029059224
0.514	-0.000885599131923
0.515	-0.000878240804807
0.516	-0.000870953322036
0.517	-0.000863735935966
0.518	-0.000856587906809
0.519	-0.000849508503002
0.52	-0.000842497000641
0.521	-0.000835552683838
0.522	-0.000828674844402
0.523	-0.000821862781835
0.524	-0.000815115803292
0.525	-0.000808433223183
0.526	-0.000801814363834
0.527	-0.000795258554658
0.528	-0.00078876513246
0.529	-0.000782333441201
0.53	-0.000775962832208
0.531	-0.000769652663748
0.532	-0.000763402301054
0.533	-0.00075721111647
0.534	-0.000751078489351
0.535	-0.000745003805264
0.536	-0.000738986457276
0.537	-0.000733025844547
0.538	-0.000727121373279
0.539	-0.000721272455897
0.54	-0.00071547851137
0.541	-0.000709738965084
0.542	-0.00070405324885
0.543	-0.000698420800452
0.544	-0.000692841064316
0.545	-0.000687313490587
0.546	-0.000681837535674
0.547	-0.000676412662036
0.548	-0.000671038337859
0.549	-0.00066571403749
0.55	-0.000660439240809
0.551	-0.000655213433504
0.552	-0.000650036107093
0.553	-0.00064490675866
0.554	-0.00063982489071
0.555	-0.000634790011418
0.556	-0.000629801634308
0.557	-0.000624859278257
0.558	-0.000619962467622
0.559	-0.000615110731794
0.56	-0.000610303605503
0.561	-0.000605540628802
0.562	-0.000600821346173
0.563	-0.000596145308295
0.564	-0.000591512069452
0.565	-0.000586921189862
0.566	-0.000582372234263
0.567	-0.000577864772089
0.568	-0.000573398377771
0.569	-0.000568972630285
0.57	-0.000564587113341
0.571	-0.000560241415136
0.572	-0.000555935128539
0.573	-0.000551667850987
0.574	-0.000547439184018
0.575	-0.000543248733846
0.576	-0.000539096111193
0.577	-0.000534980930599
0.578	-0.000530902811219
0.579	-0.000526861376343
0.58	-0.00052285625328
0.581	-0.000518887073599
0.582	-0.000514953473084
0.583	-0.000511055090814
0.584	-0.000507191570871
0.585	-0.000503362560564
0.586	-0.00049956771098
0.587	-0.000495806677602
0.588	-0.000492079119355
0.589	-0.000488384698976
0.59	-0.000484723082704
0.591	-0.000481093940857
0.592	-0.000477496947014
0.593	-0.000473931778526
0.594	-0.000470398115994
0.595	-0.000466895644066
0.596	-0.000463424050326
0.597	-0.000459983026028
0.598	-0.00045657226576
0.599	-0.000453191467333
0.6	-0.000449840331963
0.601	-0.000446518564156
0.602	-0.000443225871607
0.603	-0.00043996196527
0.604	-0.000436726559094
0.605	-0.000433519370346
0.606	-0.00043034011904
0.607	-0.00042718852851
0.608	-0.000424064325252
0.609	-0.000420967238305
0.61	-0.000417896999931
0.611	-0.000414853345239
0.612	-0.000411836012415
0.613	-0.000408844741907
0.614	-0.000405879277553
0.615	-0.000402939365802
0.616	-0.000400024755546
0.617	-0.000397135199013
0.618	-0.00039427045047
0.619	-0.000391430267226
0.62	-0.000388614409124
0.621	-0.000385822638465
0.622	-0.000383054720269
0.623	-0.000380310421989
0.624	-0.000377589513634
0.625	-0.000374891767756
0.626	-0.000372216959082
0.627	-0.000369564865153
0.628	-0.00036693526551
0.629	-0.000364327942308
0.63	-0.000361742680113
0.631	-0.000359179265357
0.632	-0.000356637487162
0.633	-0.000354117136828
0.634	-0.000351618007893
0.635	-0.000349139895799
0.636	-0.000346682598763
0.637	-0.00034424591638
0.638	-0.000341829651195
0.639	-0.00033943360725
0.64	-0.000337057591086
0.641	-0.000334701410639
0.642	-0.000332364876904
0.643	-0.000330047801953
0.644	-0.000327750000258
0.645	-0.000325471288336
0.646	-0.000323211484363
0.647	-0.000320970408605
0.648	-0.000318747883432
0.649	-0.000316543732482
0.65	-0.000314357782032
0.651	-0.00031218985947
0.652	-0.000310039794517
0.653	-0.000307907418328
0.654	-0.000305792564226
0.655	-0.000303695066872
0.656	-0.000301614762774
0.657	-0.00029955149055
0.658	-0.000297505089671
0.659	-0.000295475402271
0.66	-0.000293462271388
0.661	-0.000291465542015
0.662	-0.000289485060742
0.663	-0.000287520675728
0.664	-0.00028557223673
0.665	-0.000283639595
0.666	-0.00028172260343
0.667	-0.000279821116374
0.668	-0.000277934989733
0.669	-0.000276064080859
0.67	-0.000274208248775
0.671	-0.000272367353566
0.672	-0.000270541257235
0.673	-0.000268729822717
0.674	-0.000266932914831
0.675	-0.000265150399553
0.676	-0.000263382144108
0.677	-0.000261628017396
0.678	-0.00025988788948
0.679	-0.000258161631786
0.68	-0.000256449117154
0.681	-0.000254750219496
0.682	-0.000253064814171
0.683	-0.000251392777889
0.684	-0.000249733988481
0.685	-0.000248088325128
0.686	-0.000246455668162
0.687	-0.000244835899108
0.688	-0.000243228900909
0.689	-0.0002416345574
0.69	-0.000240052753898
0.691	-0.000238483376639
0.692	-0.000236926313033
0.693	-0.000235381451894
0.694	-0.000233848682804
0.695	-0.000232327896792
0.696	-0.000230818985625
0.697	-0.000229321842484
0.698	-0.00022783636171
0.699	-0.000226362438285
0.7	-0.000224899968554
0.701	-0.000223448849677
0.702	-0.000222008980087
0.703	-0.000220580259275
0.704	-0.000219162587469
0.705	-0.000217755866104
0.706	-0.000216359997543
0.707	-0.000214974885116
0.708	-0.000213600433115
0.709	-0.000212236546855
0.71	-0.000210883132407
0.711	-0.000209540097054
0.712	-0.000208207348702
0.713	-0.000206884796611
0.714	-0.000205572350316
0.715	-0.000204269920722
0.716	-0.000202977419739
0.717	-0.000201694759589
0.718	-0.000200421853811
0.719	-0.000199158616715
0.72	-0.000197904963217
0.721	-0.000196660809414
0.722	-0.000195426072018
0.723	-0.000194200668583
0.724	-0.000192984517607
0.725	-0.000191777538359
0.726	-0.000190579650611
0.727	-0.000189390775449
0.728	-0.000188210834293
0.729	-0.000187039749209
0.73	-0.000185877443428
0.731	-0.000184723841131
0.732	-0.000183578866776
0.733	-0.000182442445369
0.734	-0.000181314503243
0.735	-0.000180194967035
0.736	-0.000179083764207
0.737	-0.000177980823121
0.738	-0.000176886072335
0.739	-0.000175799441742
0.74	-0.000174720861472
0.741	-0.000173650262463
0.742	-0.000172587576123
0.743	-0.000171532735252
0.744	-0.000170485672141
0.745	-0.000169446320442
0.746	-0.000168414614805
0.747	-0.000167390489651
0.748	-0.000166373880429
0.749	-0.000165364723551
0.75	-0.00016436295528
0.751	-0.00016336851312
0.752	-0.000162381335094
0.753	-0.000161401359406
0.754	-0.000160428525237
0.755	-0.000159462772362
0.756	-0.000158504040952
0.757	-0.000157552271723
0.758	-0.000156607406159
0.759	-0.000155669386115
0.76	-0.000154738153855
0.761	-0.000153813652936
0.762	-0.000152895826298
0.763	-0.000151984618496
0.764	-0.00015107997384
0.765	-0.000150181837627
0.766	-0.000149290155732
0.767	-0.00014840487398
0.768	-0.000147525939108
0.769	-0.000146653298309
0.77	-0.000145786899349
0.771	-0.000144926690472
0.772	-0.000144072620164
0.773	-0.000143224637754
0.774	-0.000142382692589
0.775	-0.000141546734926
0.776	-0.000140716715215
0.777	-0.000139892584679
0.778	-0.000139074294573
0.779	-0.000138261796664
0.78	-0.000137455043819
0.781	-0.000136653988432
0.782	-0.000135858583969
0.783	-0.00013506878416
0.784	-0.000134284542796
0.785	-0.000133505814666
0.786	-0.000132732554702
0.787	-0.000131964718287
0.788	-0.000131202261081
0.789	-0.000130445139496
0.79	-0.000129693310078
0.791	-0.000128946729516
0.792	-0.000128205355566
0.793	-0.000127469145765
0.794	-0.000126738058674
0.795	-0.000126012052388
0.796	-0.000125291085996
0.797	-0.000124575118846
0.798	-0.000123864110783
0.799	-0.000123158021417
0.8	-0.000122456811547
0.801	-0.000121760441905
0.802	-0.000121068873553
0.803	-0.000120382067752
0.804	-0.000119699986844
0.805	-0.000119022592609
0.806	-0.000118349847676
0.807	-0.000117681714954
0.808	-0.000117018157665
0.809	-0.000116359139033
0.81	-0.000115704623453
0.811	-0.000115054574616
0.812	-0.000114408957338
0.813	-0.000113767736356
0.814	-0.000113130876848
0.815	-0.000112498344168
0.816	-0.000111870104139
0.817	-0.00011124612283
0.818	-0.00011062636665
0.819	-0.000110010802336
0.82	-0.000109399396749
0.821	-0.0001087921173
0.822	-0.000108188931331
0.823	-0.000107589806917
0.824	-0.000106994712097
0.825	-0.000106403615385
0.826	-0.000105816485511
0.827	-0.000105233290992
0.828	-0.00010465400151
0.829	-0.000104078586837
0.83	-0.000103507016145
0.831	-0.00010293926007
0.832	-0.000102375288635
0.833	-0.000101815072516
0.834	-0.000101258582446
0.835	-0.000100705789641
0.836	-0.000100156665563
0.837	-9.96111816911951E-05
0.838	-9.90693099210644E-05
0.839	-9.85310222242017E-05
0.84	-9.79962913355689E-05
0.841	-9.74650892080773E-05
0.842	-9.69373893982801E-05
0.843	-9.64131647150509E-05
0.844	-9.58923880900305E-05
0.845	-9.5375033532366E-05
0.846	-9.48610748074132E-05
0.847	-9.43504856268947E-05
0.848	-9.38432403195657E-05
0.849	-9.33393134617535E-05
0.85	-9.28386794918834E-05
0.851	-9.23413137290218E-05
0.852	-9.18471907787244E-05
0.853	-9.13562863375817E-05
0.854	-9.08685755095706E-05
0.855	-9.03840345928532E-05
0.856	-8.99026392807546E-05
0.857	-8.94243657306578E-05
0.858	-8.89491903030364E-05
0.859	-8.84770894308987E-05
0.86	-8.80080401968858E-05
0.861	-8.75420192911345E-05
0.862	-8.70790041001052E-05
0.863	-8.66189719255771E-05
0.864	-8.61619001982092E-05
0.865	-8.57077669510432E-05
0.866	-8.5256549765495E-05
0.867	-8.48082271116875E-05
0.868	-8.43627771110296E-05
0.869	-8.39201781726755E-05
0.87	-8.34804092265354E-05
0.871	-8.30434491029594E-05
0.872	-8.26092766315243E-05
0.873	-8.21778712431949E-05
0.874	-8.17492120631294E-05
0.875	-8.13232792215578E-05
0.876	-8.0900051960793E-05
0.877	-8.04795103300368E-05
0.878	-8.00616343206892E-05
0.879	-7.96464046329966E-05
0.88	-7.92338009435418E-05
0.881	-7.88238045970678E-05
0.882	-7.84163957560924E-05
0.883	-7.80115555053156E-05
0.884	-7.76092653011955E-05
0.885	-7.72095058820991E-05
0.886	-7.68122587560277E-05
0.887	-7.64175055411894E-05
0.888	-7.60252279964866E-05
0.889	-7.56354076533362E-05
0.89	-7.52480269036561E-05
0.891	-7.48630676339162E-05
0.892	-7.4480512215403E-05
0.893	-7.41003432012077E-05
0.894	-7.37225432727004E-05
0.895	-7.3347094650112E-05
0.896	-7.29739808113068E-05
0.897	-7.26031845354709E-05
0.898	-7.22346889532867E-05
0.899	-7.18684771507146E-05
0.9	-7.15045330251525E-05
0.901	-7.11428399137072E-05
0.902	-7.07833814297796E-05
0.903	-7.04261417306601E-05
0.904	-7.00711043146521E-05
0.905	-6.97182539510093E-05
0.906	-6.93675740998143E-05
0.907	-6.90190498897728E-05
0.908	-6.86726653248759E-05
0.909	-6.83284051205921E-05
0.91	-6.79862541192081E-05
0.911	-6.76461972816538E-05
0.912	-6.73082193925074E-05
0.913	-6.69723056544361E-05
0.914	-6.66384412247593E-05
0.915	-6.6306611730538E-05
0.916	-6.59768024061513E-05
0.917	-6.56489989811417E-05
0.918	-6.53231870552088E-05
0.919	-6.49993524744889E-05
0.92	-6.46774814719796E-05
0.921	-6.43575597222847E-05
0.922	-6.40395736629702E-05
0.923	-6.37235091794077E-05
0.924	-6.34093533160307E-05
0.925	-6.30970920081672E-05
0.926	-6.27867122603003E-05
0.927	-6.2478200440395E-05
0.928	-6.21715436035044E-05
0.929	-6.18667288369037E-05
0.93	-6.15637428862505E-05
0.931	-6.12625728545964E-05
0.932	-6.09632062972258E-05
0.933	-6.0665630215141E-05
0.934	-6.03698324653372E-05
0.935	-6.00758002387891E-05
0.936	-5.97835214728567E-05
0.937	-5.94929836125597E-05
0.938	-5.92041746337326E-05
0.939	-5.89170826643061E-05
0.94	-5.863169545357E-05
0.941	-5.83480013512711E-05
0.942	-5.80659882717783E-05
0.943	-5.77856451015966E-05
0.944	-5.75069597761136E-05
0.945	-5.72299208726678E-05
0.946	-5.69545171121386E-05
0.947	-5.66807370772143E-05
0.948	-5.64085696919828E-05
0.949	-5.61380036633812E-05
0.95	-5.58690279689228E-05
0.951	-5.56016315859467E-05
0.952	-5.53358040576178E-05
0.953	-5.50715341224174E-05
0.954	-5.48088110512232E-05
0.955	-5.45476244668905E-05
0.956	-5.42879638794921E-05
0.957	-5.40298186944587E-05
0.958	-5.37731784361576E-05
0.959	-5.35180328367836E-05
0.96	-5.32643718915463E-05
0.961	-5.30121855317486E-05
0.962	-5.27614634807583E-05
0.963	-5.25121957644369E-05
0.964	-5.22643724219096E-05
0.965	-5.20179839142585E-05
0.966	-5.17730201608484E-05
0.967	-5.15294715175061E-05
0.968	-5.12873288824057E-05
0.969	-5.10465822929673E-05
0.97	-5.08072221300564E-05
0.971	-5.05692394786915E-05
0.972	-5.03326250531926E-05
0.973	-5.00973691913716E-05
0.974	-4.98634630126678E-05
0.975	-4.96308972842625E-05
0.976	-4.93996631621953E-05
0.977	-4.91697514998754E-05
0.978	-4.89411536307121E-05
0.979	-4.87138604455514E-05
0.98	-4.84878637089306E-05
0.981	-4.82631543695841E-05
0.982	-4.80397236020524E-05
0.983	-4.78175633524147E-05
0.984	-4.75966648421438E-05
0.985	-4.73770197191761E-05
0.986	-4.71586197305209E-05
0.987	-4.6941456668515E-05
0.988	-4.67255216457737E-05
0.989	-4.65108072875647E-05
0.99	-4.62973053515157E-05
0.991	-4.60850075258206E-05
0.992	-4.58739058364278E-05
0.993	-4.56639926065116E-05
0.994	-4.54552597170463E-05
0.995	-4.52476997659258E-05
0.996	-4.50413044883638E-05
0.997	-4.48360667776585E-05
0.998	-4.463197855869E-05
0.999	-4.44290320609223E-05
1	-4.4227220481597E-05
