7000.0000 22.8856
7010.0000 22.8542
7020.0000 22.8211
7030.0000 22.7888
7040.0000 22.7565
7050.0000 22.7242
7060.0000 22.6919
7070.0000 22.6605
7080.0000 22.6282
7090.0000 22.5959
7100.0000 22.5645
7110.0000 22.5322
7120.0000 22.5008
7130.0000 22.4702
7140.0000 22.4388
7150.0000 22.4074
7160.0000 22.3760
7170.0000 22.3446
7180.0000 22.3140
7190.0000 22.2826
7200.0000 22.2521
7210.0000 22.2215
7220.0000 22.1910
7230.0000 22.1596
7240.0000 22.1299
7250.0000 22.0994
7260.0000 22.0679
7270.0000 22.0383
7280.0000 22.0086
7290.0000 21.9781
7300.0000 21.9484
7310.0000 21.9187
7320.0000 21.8882
7330.0000 21.8585
7340.0000 21.8288
7350.0000 21.7992
7360.0000 21.7695
7370.0000 21.7398
7380.0000 21.7110
7390.0000 21.6814
7400.0000 21.6517
7410.0000 21.6229
7420.0000 21.5941
7430.0000 21.5653
7440.0000 21.5356
7450.0000 21.5068
7460.0000 21.4789
7470.0000 21.4492
7480.0000 21.4213
7490.0000 21.3925
7500.0000 21.3646
7510.0000 21.3349
7520.0000 21.3070
7530.0000 21.2791
7540.0000 21.2511
7550.0000 21.2223
7560.0000 21.1944
7570.0000 21.1674
7580.0000 21.1394
7590.0000 21.1115
7600.0000 21.0836
7610.0000 21.0557
7620.0000 21.0286
7630.0000 21.0007
7640.0000 20.9736
7650.0000 20.9466
7660.0000 20.9186
7670.0000 20.8916
7680.0000 20.8645
7690.0000 20.8375
7700.0000 20.8104
7710.0000 20.7834
7720.0000 20.7563
7730.0000 20.7301
7740.0000 20.7031
7750.0000 20.6769
7760.0000 20.6499
7770.0000 20.6228
7780.0000 20.5966
7790.0000 20.5705
7800.0000 20.5443
7810.0000 20.5181
7820.0000 20.4919
7830.0000 20.4657
7840.0000 20.4396
7850.0000 20.4134
7860.0000 20.3872
7870.0000 20.3619
7880.0000 20.3357
7890.0000 20.3113
7900.0000 20.2851
7910.0000 20.2589
7920.0000 20.2336
7930.0000 20.2083
7940.0000 20.1830
7950.0000 20.1577
7960.0000 20.1324
7970.0000 20.1071
7980.0000 20.0818
7990.0000 20.0565
8000.0000 20.0320
8010.0000 20.0067
8020.0000 19.9823
8030.0000 19.9570
8040.0000 19.9325
8050.0000 19.9081
8060.0000 19.8837
8070.0000 19.8584
8080.0000 19.8339
8090.0000 19.8095
8100.0000 19.7851
8110.0000 19.7606
8120.0000 19.7362
8130.0000 19.7118
8140.0000 19.6882
8150.0000 19.6638
8160.0000 19.6393
8170.0000 19.6158
8180.0000 19.5913
8190.0000 19.5686
8200.0000 19.5442
8210.0000 19.5206
8220.0000 19.4962
8230.0000 19.4735
8240.0000 19.4491
8250.0000 19.4264
8260.0000 19.4028
8270.0000 19.3793
8280.0000 19.3557
8290.0000 19.3330
8300.0000 19.3086
8310.0000 19.2859
8320.0000 19.2623
8330.0000 19.2396
8340.0000 19.2169
8350.0000 19.1943
8360.0000 19.1707
8370.0000 19.1480
8380.0000 19.1253
8390.0000 19.1026
8400.0000 19.0799
8410.0000 19.0573
8420.0000 19.0346
8430.0000 19.0127
8440.0000 18.9901
8450.0000 18.9674
8460.0000 18.9447
8470.0000 18.9229
8480.0000 18.9002
8490.0000 18.8775
8500.0000 18.8557
8510.0000 18.8338
8520.0000 18.8120
8530.0000 18.7893
8540.0000 18.7675
8550.0000 18.7457
8560.0000 18.7239
8570.0000 18.7021
8580.0000 18.6803
8590.0000 18.6584
8600.0000 18.6375
8610.0000 18.6148
8620.0000 18.5939
8630.0000 18.5720
8640.0000 18.5511
8650.0000 18.5293
8660.0000 18.5075
8670.0000 18.4865
8680.0000 18.4656
8690.0000 18.4446
8700.0000 18.4228
8710.0000 18.4019
8720.0000 18.3809
8730.0000 18.3600
8740.0000 18.3390
8750.0000 18.3181
8760.0000 18.2980
8770.0000 18.2771
8780.0000 18.2561
8790.0000 18.2352
8800.0000 18.2143
8810.0000 18.1942
8820.0000 18.1732
8830.0000 18.1523
8840.0000 18.1322
8850.0000 18.1113
8860.0000 18.0912
8870.0000 18.0711
8880.0000 18.0502
8890.0000 18.0301
8900.0000 18.0101
8910.0000 17.9900
8920.0000 17.9690
8930.0000 17.9498
8940.0000 17.9298
8950.0000 17.9097
8960.0000 17.8896
8970.0000 17.8704
8980.0000 17.8495
8990.0000 17.8303
9000.0000 17.8102
9010.0000 17.7910
9020.0000 17.7709
9030.0000 17.7509
9040.0000 17.7317
9050.0000 17.7125
9060.0000 17.6924
9070.0000 17.6732
9080.0000 17.6540
9090.0000 17.6348
9100.0000 17.6147
9110.0000 17.5955
9120.0000 17.5763
9130.0000 17.5571
9140.0000 17.5379
9150.0000 17.5187
9160.0000 17.4995
9170.0000 17.4812
9180.0000 17.4620
9190.0000 17.4428
9200.0000 17.4236
9210.0000 17.4053
9220.0000 17.3861
9230.0000 17.3669
9240.0000 17.3486
9250.0000 17.3302
9260.0000 17.3110
9270.0000 17.2927
9280.0000 17.2735
9290.0000 17.2561
9300.0000 17.2369
9310.0000 17.2185
9320.0000 17.1993
9330.0000 17.1819
9340.0000 17.1627
9350.0000 17.1452
9360.0000 17.1260
9370.0000 17.1086
9380.0000 17.0903
9390.0000 17.0719
9400.0000 17.0536
9410.0000 17.0362
9420.0000 17.0178
9430.0000 16.9995
9440.0000 16.9812
9450.0000 16.9637
9460.0000 16.9463
9470.0000 16.9279
9480.0000 16.9105
9490.0000 16.8922
9500.0000 16.8738
9510.0000 16.8564
9520.0000 16.8389
9530.0000 16.8215
9540.0000 16.8040
9550.0000 16.7866
9560.0000 16.7683
9570.0000 16.7508
9580.0000 16.7342
9590.0000 16.7168
9600.0000 16.6993
9610.0000 16.6819
9620.0000 16.6644
9630.0000 16.6470
9640.0000 16.6295
9650.0000 16.6129
9660.0000 16.5955
9670.0000 16.5780
9680.0000 16.5614
9690.0000 16.5448
9700.0000 16.5274
9710.0000 16.5108
9720.0000 16.4934
9730.0000 16.4759
9740.0000 16.4602
9750.0000 16.4427
9760.0000 16.4262
9770.0000 16.4087
9780.0000 16.3930
9790.0000 16.3756
9800.0000 16.3590
9810.0000 16.3424
9820.0000 16.3258
9830.0000 16.3092
9840.0000 16.2926
9850.0000 16.2752
9860.0000 16.2595
9870.0000 16.2429
9880.0000 16.2263
9890.0000 16.2097
9900.0000 16.1940
9910.0000 16.1783
9920.0000 16.1609
9930.0000 16.1452
9940.0000 16.1286
9950.0000 16.1129
9960.0000 16.0972
9970.0000 16.0797
9980.0000 16.0640
9990.0000 16.0483
10000.000 16.0317
10010.000 16.0160
10020.000 16.0003
10030.000 15.9846
10040.000 15.9689
10050.000 15.9523
10060.000 15.9366
10070.000 15.9209
10080.000 15.9052
10090.000 15.8895
10100.000 15.8738
10110.000 15.8581
10120.000 15.8424
10130.000 15.8275
10140.000 15.8118
10150.000 15.7961
10160.000 15.7804
10170.000 15.7647
10180.000 15.7490
10190.000 15.7341
10200.000 15.7184
10210.000 15.7027
10220.000 15.6879
10230.000 15.6722
10240.000 15.6573
10250.000 15.6416
10260.000 15.6268
10270.000 15.6111
10280.000 15.5963
10290.000 15.5814
10300.000 15.5657
10310.000 15.5509
10320.000 15.5352
10330.000 15.5212
10340.000 15.5055
10350.000 15.4907
10360.000 15.4758
10370.000 15.4610
10380.000 15.4462
10390.000 15.4313
10400.000 15.4165
10410.000 15.4017
10420.000 15.3868
10430.000 15.3720
10440.000 15.3572
10450.000 15.3432
10460.000 15.3284
10470.000 15.3135
10480.000 15.2987
10490.000 15.2847
10500.000 15.2699
10510.000 15.2551
10520.000 15.2411
10530.000 15.2263
10540.000 15.2123
10550.000 15.1975
10560.000 15.1826
10570.000 15.1687
10580.000 15.1547
10590.000 15.1407
10600.000 15.1259
10610.000 15.1119
10620.000 15.0980
10630.000 15.0840
10640.000 15.0692
10650.000 15.0552
10660.000 15.0412
10670.000 15.0273
10680.000 15.0133
10690.000 14.9994
10700.000 14.9854
10710.000 14.9714
10720.000 14.9566
10730.000 14.9426
10740.000 14.9287
10750.000 14.9147
10760.000 14.9007
10770.000 14.8868
10780.000 14.8737
10790.000 14.8597
10800.000 14.8458
10810.000 14.8327
10820.000 14.8187
10830.000 14.8056
10840.000 14.7917
10850.000 14.7777
10860.000 14.7646
10870.000 14.7507
10880.000 14.7367
10890.000 14.7245
10900.000 14.7105
10910.000 14.6965
10920.000 14.6835
10930.000 14.6695
10940.000 14.6564
10950.000 14.6433
10960.000 14.6294
10970.000 14.6171
10980.000 14.6032
10990.000 14.5901
11000.000 14.5761
11010.000 14.5639
11020.000 14.5499
11030.000 14.5377
11040.000 14.5238
11050.000 14.5107
11060.000 14.4976
11070.000 14.4845
11080.000 14.4714
11090.000 14.4583
11100.000 14.4461
11110.000 14.4321
11120.000 14.4199
11130.000 14.4068
11140.000 14.3937
11150.000 14.3806
11160.000 14.3684
11170.000 14.3545
11180.000 14.3422
11190.000 14.3292
11200.000 14.3169
11210.000 14.3038
11220.000 14.2908
11230.000 14.2785
11240.000 14.2663
11250.000 14.2532
11260.000 14.2401
11270.000 14.2279
11280.000 14.2148
11290.000 14.2026
11300.000 14.1904
11310.000 14.1773
11320.000 14.1651
11330.000 14.1529
11340.000 14.1398
11350.000 14.1276
11360.000 14.1145
11370.000 14.1023
11380.000 14.0900
11390.000 14.0778
11400.000 14.0656
11410.000 14.0534
11420.000 14.0412
11430.000 14.0281
11440.000 14.0159
11450.000 14.0045
11460.000 13.9923
11470.000 13.9801
11480.000 13.9679
11490.000 13.9557
11500.000 13.9434
11510.000 13.9312
11520.000 13.9190
11530.000 13.9068
11540.000 13.8954
11550.000 13.8832
11560.000 13.8710
11570.000 13.8588
11580.000 13.8466
11590.000 13.8352
11600.000 13.8239
11610.000 13.8117
11620.000 13.7994
11630.000 13.7881
11640.000 13.7759
11650.000 13.7637
11660.000 13.7523
11670.000 13.7410
11680.000 13.7288
11690.000 13.7174
11700.000 13.7052
11710.000 13.6930
11720.000 13.6825
11730.000 13.6703
11740.000 13.6589
11750.000 13.6476
11760.000 13.6354
11770.000 13.6240
11780.000 13.6118
11790.000 13.6014
11800.000 13.5891
11810.000 13.5778
11820.000 13.5664
11830.000 13.5551
11840.000 13.5438
11850.000 13.5324
11860.000 13.5202
11870.000 13.5097
11880.000 13.4975
11890.000 13.4870
11900.000 13.4748
11910.000 13.4635
11920.000 13.4530
11930.000 13.4408
11940.000 13.4303
11950.000 13.4190
11960.000 13.4076
11970.000 13.3963
11980.000 13.3858
11990.000 13.3736
12000.000 13.3631
12010.000 13.3526
12020.000 13.3404
12030.000 13.3300
12040.000 13.3186
12050.000 13.3073
12060.000 13.2968
12070.000 13.2854
12080.000 13.2750
12090.000 13.2636
12100.000 13.2523
12110.000 13.2418
12120.000 13.2305
12130.000 13.2200
12140.000 13.2095
12150.000 13.1982
12160.000 13.1868
12170.000 13.1764
12180.000 13.1659
12190.000 13.1554
12200.000 13.1441
12210.000 13.1336
12220.000 13.1231
12230.000 13.1127
12240.000 13.1004
12250.000 13.0900
12260.000 13.0795
12270.000 13.0690
12280.000 13.0586
12290.000 13.0481
12300.000 13.0367
12310.000 13.0263
12320.000 13.0158
12330.000 13.0053
12340.000 12.9948
12350.000 12.9844
12360.000 12.9739
12370.000 12.9634
12380.000 12.9538
12390.000 12.9434
12400.000 12.9329
12410.000 12.9224
12420.000 12.9119
12430.000 12.9015
12440.000 12.8910
12450.000 12.8805
12460.000 12.8701
12470.000 12.8605
12480.000 12.8500
12490.000 12.8395
12500.000 12.8290
12510.000 12.8186
12520.000 12.8081
12530.000 12.7985
12540.000 12.7880
12550.000 12.7776
12560.000 12.7671
12570.000 12.7575
12580.000 12.7479
12590.000 12.7374
12600.000 12.7269
12610.000 12.7173
12620.000 12.7069
12630.000 12.6964
12640.000 12.6877
12650.000 12.6772
12660.000 12.6667
12670.000 12.6571
12680.000 12.6467
12690.000 12.6371
12700.000 12.6275
12710.000 12.6170
12720.000 12.6065
12730.000 12.5978
12740.000 12.5873
12750.000 12.5777
12760.000 12.5672
12770.000 12.5576
12780.000 12.5480
12790.000 12.5376
12800.000 12.5288
12810.000 12.5184
12820.000 12.5088
12830.000 12.4992
12840.000 12.4896
12850.000 12.4800
12860.000 12.4704
12870.000 12.4599
12880.000 12.4512
12890.000 12.4407
12900.000 12.4320
12910.000 12.4215
12920.000 12.4119
12930.000 12.4023
12940.000 12.3927
12950.000 12.3840
12960.000 12.3735
12970.000 12.3648
12980.000 12.3543
12990.000 12.3456
13000.000 12.3360
13010.000 12.3264
13020.000 12.3168
13030.000 12.3081
13040.000 12.2976
13050.000 12.2889
13060.000 12.2793
13070.000 12.2697
13080.000 12.2601
13090.000 12.2513
13100.000 12.2417
13110.000 12.2321
13120.000 12.2234
13130.000 12.2129
13140.000 12.2042
13150.000 12.1955
13160.000 12.1859
13170.000 12.1763
13180.000 12.1676
13190.000 12.1580
13200.000 12.1492
13210.000 12.1405
13220.000 12.1300
13230.000 12.1213
13240.000 12.1126
13250.000 12.1030
13260.000 12.0943
13270.000 12.0847
13280.000 12.0759
13290.000 12.0663
13300.000 12.0576
13310.000 12.0489
13320.000 12.0402
13330.000 12.0306
13340.000 12.0218
13350.000 12.0122
13360.000 12.0035
13370.000 11.9948
13380.000 11.9852
13390.000 11.9764
13400.000 11.9677
13410.000 11.9590
13420.000 11.9503
13430.000 11.9415
13440.000 11.9319
13450.000 11.9232
13460.000 11.9145
13470.000 11.9058
13480.000 11.8970
13490.000 11.8883
13500.000 11.8796
13510.000 11.8709
13520.000 11.8621
13530.000 11.8525
13540.000 11.8438
13550.000 11.8351
13560.000 11.8264
13570.000 11.8176
13580.000 11.8089
13590.000 11.8002
13600.000 11.7914
13610.000 11.7827
13620.000 11.7749
13630.000 11.7661
13640.000 11.7574
13650.000 11.7487
13660.000 11.7400
13670.000 11.7312
13680.000 11.7225
13690.000 11.7147
13700.000 11.7059
13710.000 11.6972
13720.000 11.6885
13730.000 11.6797
13740.000 11.6710
13750.000 11.6640
13760.000 11.6553
13770.000 11.6466
13780.000 11.6379
13790.000 11.6291
13800.000 11.6213
13810.000 11.6125
13820.000 11.6038
13830.000 11.5951
13840.000 11.5881
13850.000 11.5794
13860.000 11.5707
13870.000 11.5619
13880.000 11.5541
13890.000 11.5454
13900.000 11.5375
13910.000 11.5296
13920.000 11.5209
13930.000 11.5122
13940.000 11.5043
13950.000 11.4965
13960.000 11.4878
13970.000 11.4799
13980.000 11.4712
13990.000 11.4633
14000.000 11.4555
14010.000 11.4467
14020.000 11.4380
14030.000 11.4310
14040.000 11.4223
14050.000 11.4145
14060.000 11.4066
14070.000 11.3979
14080.000 11.3900
14090.000 11.3822
14100.000 11.3743
14110.000 11.3656
14120.000 11.3577
14130.000 11.3499
14140.000 11.3411
14150.000 11.3342
14160.000 11.3254
14170.000 11.3176
14180.000 11.3097
14190.000 11.3019
14200.000 11.2932
14210.000 11.2862
14220.000 11.2774
14230.000 11.2705
14240.000 11.2617
14250.000 11.2548
14260.000 11.2460
14270.000 11.2382
14280.000 11.2303
14290.000 11.2225
14300.000 11.2155
14310.000 11.2068
14320.000 11.1998
14330.000 11.1911
14340.000 11.1841
14350.000 11.1753
14360.000 11.1684
14370.000 11.1605
14380.000 11.1527
14390.000 11.1448
14400.000 11.1369
14410.000 11.1291
14420.000 11.1221
14430.000 11.1134
14440.000 11.1064
14450.000 11.0985
14460.000 11.0907
14470.000 11.0828
14480.000 11.0759
14490.000 11.0680
14500.000 11.0602
14510.000 11.0532
14520.000 11.0444
14530.000 11.0375
14540.000 11.0296
14550.000 11.0218
14560.000 11.0148
14570.000 11.0069
14580.000 10.9999
14590.000 10.9921
14600.000 10.9842
14610.000 10.9772
14620.000 10.9694
14630.000 10.9615
14640.000 10.9546
14650.000 10.9467
14660.000 10.9397
14670.000 10.9319
14680.000 10.9249
14690.000 10.9170
14700.000 10.9101
14710.000 10.9031
14720.000 10.8943
14730.000 10.8874
14740.000 10.8804
14750.000 10.8725
14760.000 10.8655
14770.000 10.8577
14780.000 10.8507
14790.000 10.8429
14800.000 10.8359
14810.000 10.8289
14820.000 10.8219
14830.000 10.8141
14840.000 10.8062
14850.000 10.7992
14860.000 10.7922
14870.000 10.7853
14880.000 10.7774
14890.000 10.7704
14900.000 10.7634
14910.000 10.7565
14920.000 10.7495
14930.000 10.7416
14940.000 10.7338
14950.000 10.7268
14960.000 10.7198
14970.000 10.7128
14980.000 10.7058
14990.000 10.6989
15000.000 10.6910
15010.000 10.6840
15020.000 10.6771
15030.000 10.6701
15040.000 10.6631
15050.000 10.6561
15060.000 10.6491
15070.000 10.6421
15080.000 10.6352
15090.000 10.6273
15100.000 10.6203
15110.000 10.6133
15120.000 10.6064
15130.000 10.5994
15140.000 10.5924
15150.000 10.5854
15160.000 10.5784
15170.000 10.5715
15180.000 10.5645
15190.000 10.5575
15200.000 10.5514
15210.000 10.5444
15220.000 10.5374
15230.000 10.5304
15240.000 10.5235
15250.000 10.5165
15260.000 10.5095
15270.000 10.5025
15280.000 10.4955
15290.000 10.4886
15300.000 10.4816
15310.000 10.4755
15320.000 10.4685
15330.000 10.4615
15340.000 10.4545
15350.000 10.4475
15360.000 10.4406
15370.000 10.4336
15380.000 10.4275
15390.000 10.4205
15400.000 10.4135
15410.000 10.4074
15420.000 10.4004
15430.000 10.3934
15440.000 10.3873
15450.000 10.3803
15460.000 10.3734
15470.000 10.3664
15480.000 10.3594
15490.000 10.3533
15500.000 10.3463
15510.000 10.3402
15520.000 10.3332
15530.000 10.3271
15540.000 10.3201
15550.000 10.3132
15560.000 10.3062
15570.000 10.3001
15580.000 10.2940
15590.000 10.2870
15600.000 10.2800
15610.000 10.2739
15620.000 10.2669
15630.000 10.2608
15640.000 10.2538
15650.000 10.2477
15660.000 10.2407
15670.000 10.2337
15680.000 10.2285
15690.000 10.2215
15700.000 10.2145
15710.000 10.2084
15720.000 10.2014
15730.000 10.1953
15740.000 10.1892
15750.000 10.1823
15760.000 10.1753
15770.000 10.1700
15780.000 10.1631
15790.000 10.1561
15800.000 10.1508
15810.000 10.1439
15820.000 10.1369
15830.000 10.1308
15840.000 10.1247
15850.000 10.1185
15860.000 10.1116
15870.000 10.1055
15880.000 10.0993
15890.000 10.0924
15900.000 10.0863
15910.000 10.0801
15920.000 10.0732
15930.000 10.0671
15940.000 10.0610
15950.000 10.0548
15960.000 10.0479
15970.000 10.0418
15980.000 10.0356
15990.000 10.0295
16000.000 10.0234
16010.000 10.0164
16020.000 10.0112
16030.000 10.0042
16040.000 9.99812
16050.000 9.99201
16060.000 9.98590
16070.000 9.97979
16080.000 9.97368
16090.000 9.96670
16100.000 9.96147
16110.000 9.95449
16120.000 9.94925
16130.000 9.94227
16140.000 9.93616
16150.000 9.93005
16160.000 9.92394
16170.000 9.91783
16180.000 9.91173
16190.000 9.90562
16200.000 9.89951
16210.000 9.89340
16220.000 9.88729
16230.000 9.88118
16240.000 9.87507
16250.000 9.86896
16260.000 9.86286
16270.000 9.85675
16280.000 9.85064
16290.000 9.84453
16300.000 9.83842
16310.000 9.83231
16320.000 9.82708
16330.000 9.82010
16340.000 9.81486
16350.000 9.80788
16360.000 9.80264
16370.000 9.79653
16380.000 9.79042
16390.000 9.78519
16400.000 9.77821
16410.000 9.77297
16420.000 9.76686
16430.000 9.76075
16440.000 9.75465
16450.000 9.74941
16460.000 9.74243
16470.000 9.73719
16480.000 9.73196
16490.000 9.72497
16500.000 9.71974
16510.000 9.71363
16520.000 9.70752
16530.000 9.70141
16540.000 9.69618
16550.000 9.69007
16560.000 9.68396
16570.000 9.67872
16580.000 9.67174
16590.000 9.66651
16600.000 9.66127
16610.000 9.65429
16620.000 9.64905
16630.000 9.64382
16640.000 9.63771
16650.000 9.63160
16660.000 9.62636
16670.000 9.62026
16680.000 9.61415
16690.000 9.60804
16700.000 9.60280
16710.000 9.59757
16720.000 9.59058
16730.000 9.58535
16740.000 9.58011
16750.000 9.57400
16760.000 9.56789
16770.000 9.56266
16780.000 9.55742
16790.000 9.55131
16800.000 9.54608
16810.000 9.53997
16820.000 9.53386
16830.000 9.52863
16840.000 9.52339
16850.000 9.51728
16860.000 9.51117
16870.000 9.50594
16880.000 9.50070
16890.000 9.49459
16900.000 9.48936
16910.000 9.48325
16920.000 9.47801
16930.000 9.47190
16940.000 9.46667
16950.000 9.46143
16960.000 9.45619
16970.000 9.44921
16980.000 9.44398
16990.000 9.43874
17000.000 9.43351
17010.000 9.42740
17020.000 9.42216
17030.000 9.41692
17040.000 9.41082
17050.000 9.40558
17060.000 9.39947
17070.000 9.39423
17080.000 9.38900
17090.000 9.38376
17100.000 9.37853
17110.000 9.37329
17120.000 9.36718
17130.000 9.36107
17140.000 9.35584
17150.000 9.35060
17160.000 9.34537
17170.000 9.33926
17180.000 9.33402
17190.000 9.32878
17200.000 9.32355
17210.000 9.31831
17220.000 9.31308
17230.000 9.30784
17240.000 9.30173
17250.000 9.29650
17260.000 9.29126
17270.000 9.28602
17280.000 9.27992
17290.000 9.27468
17300.000 9.26944
17310.000 9.26421
17320.000 9.25897
17330.000 9.25286
17340.000 9.24763
17350.000 9.24239
17360.000 9.23715
17370.000 9.23192
17380.000 9.22668
17390.000 9.22145
17400.000 9.21621
17410.000 9.21098
17420.000 9.20574
17430.000 9.20050
17440.000 9.19527
17450.000 9.18916
17460.000 9.18392
17470.000 9.17869
17480.000 9.17345
17490.000 9.16821
17500.000 9.16298
17510.000 9.15774
17520.000 9.15251
17530.000 9.14814
17540.000 9.14291
17550.000 9.13767
17560.000 9.13244
17570.000 9.12720
17580.000 9.12196
17590.000 9.11673
17600.000 9.11149
17610.000 9.10626
17620.000 9.10102
17630.000 9.09578
17640.000 9.09055
17650.000 9.08531
17660.000 9.08008
17670.000 9.07484
17680.000 9.07048
17690.000 9.06524
17700.000 9.06000
17710.000 9.05477
17720.000 9.04953
17730.000 9.04430
17740.000 9.03906
17750.000 9.03382
17760.000 9.02859
17770.000 9.02423
17780.000 9.01899
17790.000 9.01375
17800.000 9.00852
17810.000 9.00415
17820.000 8.99892
17830.000 8.99368
17840.000 8.98932
17850.000 8.98408
17860.000 8.97885
17870.000 8.97361
17880.000 8.96837
17890.000 8.96314
17900.000 8.95790
17910.000 8.95354
17920.000 8.94830
17930.000 8.94307
17940.000 8.93870
17950.000 8.93347
17960.000 8.92910
17970.000 8.92387
17980.000 8.91863
17990.000 8.91340
18000.000 8.90816
18010.000 8.90292
18020.000 8.89943
18030.000 8.89420
18040.000 8.88896
18050.000 8.88373
18060.000 8.87936
18070.000 8.87413
18080.000 8.86889
18090.000 8.86366
18100.000 8.85929
18110.000 8.85493
18120.000 8.84969
18130.000 8.84446
18140.000 8.83922
18150.000 8.83486
18160.000 8.83049
18170.000 8.82526
18180.000 8.82002
18190.000 8.81566
18200.000 8.81042
18210.000 8.80606
18220.000 8.80082
18230.000 8.79646
18240.000 8.79122
18250.000 8.78599
18260.000 8.78162
18270.000 8.77726
18280.000 8.77203
18290.000 8.76679
18300.000 8.76243
18310.000 8.75806
18320.000 8.75283
18330.000 8.74759
18340.000 8.74323
18350.000 8.73799
18360.000 8.73363
18370.000 8.72926
18380.000 8.72403
18390.000 8.71879
18400.000 8.71530
18410.000 8.71007
18420.000 8.70483
18430.000 8.70047
18440.000 8.69610
18450.000 8.69087
18460.000 8.68650
18470.000 8.68127
18480.000 8.67690
18490.000 8.67254
18500.000 8.66730
18510.000 8.66294
18520.000 8.65858
18530.000 8.65334
18540.000 8.64811
18550.000 8.64462
18560.000 8.63938
18570.000 8.63414
18580.000 8.63065
18590.000 8.62542
18600.000 8.62105
18610.000 8.61582
18620.000 8.61145
18630.000 8.60709
18640.000 8.60186
18650.000 8.59749
18660.000 8.59313
18670.000 8.58789
18680.000 8.58440
18690.000 8.57917
18700.000 8.57393
18710.000 8.57044
18720.000 8.56520
18730.000 8.56084
18740.000 8.55648
18750.000 8.55124
18760.000 8.54688
18770.000 8.54251
18780.000 8.53815
18790.000 8.53292
18800.000 8.52942
18810.000 8.52419
18820.000 8.51982
18830.000 8.51546
18840.000 8.51023
18850.000 8.50673
18860.000 8.50150
18870.000 8.49714
18880.000 8.49277
18890.000 8.48841
18900.000 8.48405
18910.000 8.47881
18920.000 8.47445
18930.000 8.47008
18940.000 8.46572
18950.000 8.46048
18960.000 8.45699
18970.000 8.45176
18980.000 8.44827
18990.000 8.44303
19000.000 8.43954
19010.000 8.43430
19020.000 8.42994
19030.000 8.42558
19040.000 8.42121
19050.000 8.41685
19060.000 8.41249
19070.000 8.40725
19080.000 8.40376
19090.000 8.39852
19100.000 8.39503
19110.000 8.38980
19120.000 8.38631
19130.000 8.38107
19140.000 8.37758
19150.000 8.37234
19160.000 8.36798
19170.000 8.36362
19180.000 8.35925
19190.000 8.35489
19200.000 8.35053
19210.000 8.34616
19220.000 8.34180
19230.000 8.33831
19240.000 8.33307
19250.000 8.32958
19260.000 8.32435
19270.000 8.32086
19280.000 8.31562
19290.000 8.31213
19300.000 8.30690
19310.000 8.30340
19320.000 8.29904
19330.000 8.29468
19340.000 8.29031
19350.000 8.28595
19360.000 8.28159
19370.000 8.27722
19380.000 8.27286
19390.000 8.26937
19400.000 8.26413
19410.000 8.26064
19420.000 8.25541
19430.000 8.25192
19440.000 8.24755
19450.000 8.24319
19460.000 8.23883
19470.000 8.23446
19480.000 8.23010
19490.000 8.22661
19500.000 8.22137
19510.000 8.21788
19520.000 8.21265
19530.000 8.20916
19540.000 8.20567
19550.000 8.20043
19560.000 8.19694
19570.000 8.19170
19580.000 8.18821
19590.000 8.18385
19600.000 8.17949
19610.000 8.17512
19620.000 8.17163
19630.000 8.16727
19640.000 8.16290
19650.000 8.15941
19660.000 8.15418
19670.000 8.15069
19680.000 8.14720
19690.000 8.14196
19700.000 8.13847
19710.000 8.13411
19720.000 8.12974
19730.000 8.12538
19740.000 8.12102
19750.000 8.11753
19760.000 8.11316
19770.000 8.10967
19780.000 8.10531
19790.000 8.10095
19800.000 8.09746
19810.000 8.09222
19820.000 8.08873
19830.000 8.08524
19840.000 8.08000
19850.000 8.07651
19860.000 8.07215
19870.000 8.06778
19880.000 8.06429
19890.000 8.05993
19900.000 8.05644
19910.000 8.05208
19920.000 8.04771
19930.000 8.04422
19940.000 8.03986
19950.000 8.03550
19960.000 8.03201
19970.000 8.02764
19980.000 8.02328
19990.000 8.01979
20000.000 8.01630
20010.000 8.01106
20020.000 8.00757
20030.000 8.00408
20040.000 7.99972
20050.000 7.99535
20060.000 7.99186
20070.000 7.98750
20080.000 7.98401
20090.000 7.97965
20100.000 7.97528
20110.000 7.97179
20120.000 7.96830
20130.000 7.96307
20140.000 7.95957
20150.000 7.95608
20160.000 7.95172
20170.000 7.94736
20180.000 7.94387
20190.000 7.93950
20200.000 7.93601
20210.000 7.93165
20220.000 7.92729
20230.000 7.92380
20240.000 7.92030
20250.000 7.91681
20260.000 7.91158
20270.000 7.90809
20280.000 7.90460
20290.000 7.90023
20300.000 7.89587
20310.000 7.89238
20320.000 7.88802
20330.000 7.88453
20340.000 7.88103
20350.000 7.87667
20360.000 7.87231
20370.000 7.86882
20380.000 7.86533
20390.000 7.86184
20400.000 7.85660
20410.000 7.85311
20420.000 7.84962
20430.000 7.84526
20440.000 7.84176
20450.000 7.83827
20460.000 7.83391
20470.000 7.82955
20480.000 7.82606
20490.000 7.82257
20500.000 7.81908
20510.000 7.81471
20520.000 7.81035
20530.000 7.80686
20540.000 7.80337
20550.000 7.79988
20560.000 7.79551
20570.000 7.79202
20580.000 7.78766
20590.000 7.78417
20600.000 7.77981
20610.000 7.77631
20620.000 7.77282
20630.000 7.76933
20640.000 7.76497
20650.000 7.76061
20660.000 7.75712
20670.000 7.75363
20680.000 7.75013
20690.000 7.74577
20700.000 7.74228
20710.000 7.73879
20720.000 7.73530
20730.000 7.73094
20740.000 7.72657
20750.000 7.72308
20760.000 7.71959
20770.000 7.71610
20780.000 7.71261
20790.000 7.70912
20800.000 7.70476
20810.000 7.70127
20820.000 7.69690
20830.000 7.69341
20840.000 7.68992
20850.000 7.68556
20860.000 7.68207
20870.000 7.67858
20880.000 7.67509
20890.000 7.67160
20900.000 7.66810
20910.000 7.66374
20920.000 7.66025
20930.000 7.65676
20940.000 7.65240
20950.000 7.64891
20960.000 7.64541
20970.000 7.64192
20980.000 7.63756
20990.000 7.63407
21000.000 7.63058
21010.000 7.62709
21020.000 7.62360
21030.000 7.62011
21040.000 7.61662
21050.000 7.61225
21060.000 7.60876
21070.000 7.60527
21080.000 7.60178
21090.000 7.59829
21100.000 7.59393
21110.000 7.59044
21120.000 7.58695
21130.000 7.58258
21140.000 7.57909
21150.000 7.57560
21160.000 7.57211
21170.000 7.56862
21180.000 7.56513
21190.000 7.56164
21200.000 7.55815
21210.000 7.55466
21220.000 7.55117
21230.000 7.54680
21240.000 7.54331
21250.000 7.53982
21260.000 7.53633
21270.000 7.53284
21280.000 7.52935
21290.000 7.52586
21300.000 7.52237
21310.000 7.51888
21320.000 7.51539
21330.000 7.51190
21340.000 7.50841
21350.000 7.50404
21360.000 7.50055
21370.000 7.49706
21380.000 7.49357
21390.000 7.49008
21400.000 7.48659
21410.000 7.48310
21420.000 7.47961
21430.000 7.47612
21440.000 7.47263
21450.000 7.46914
21460.000 7.46565
21470.000 7.46216
21480.000 7.45866
21490.000 7.45517
21500.000 7.45168
21510.000 7.44819
21520.000 7.44383
21530.000 7.44034
21540.000 7.43685
21550.000 7.43336
21560.000 7.42987
21570.000 7.42638
21580.000 7.42289
21590.000 7.41939
21600.000 7.41678
21610.000 7.41329
21620.000 7.40980
21630.000 7.40630
21640.000 7.40281
21650.000 7.39932
21660.000 7.39496
21670.000 7.39147
21680.000 7.38798
21690.000 7.38449
21700.000 7.38100
21710.000 7.37751
21720.000 7.37402
21730.000 7.37053
21740.000 7.36616
21750.000 7.36267
21760.000 7.35918
21770.000 7.35569
21780.000 7.35220
21790.000 7.34871
21800.000 7.34522
21810.000 7.34086
21820.000 7.33824
21830.000 7.33475
21840.000 7.33126
21850.000 7.32776
21860.000 7.32427
21870.000 7.32078
21880.000 7.31729
21890.000 7.31293
21900.000 7.30944
21910.000 7.30595
21920.000 7.30246
21930.000 7.29897
21940.000 7.29548
21950.000 7.29199
21960.000 7.28937
21970.000 7.28588
21980.000 7.28151
21990.000 7.27802
22000.000 7.27453
22010.000 7.27104
22020.000 7.26668
22030.000 7.26319
22040.000 7.25882
22050.000 7.25446
22060.000 7.25010
22070.000 7.24661
22080.000 7.24224
22090.000 7.23788
22100.000 7.23352
22110.000 7.22915
22120.000 7.22566
22130.000 7.22217
22140.000 7.21868
22150.000 7.21432
22160.000 7.20996
22170.000 7.20734
22180.000 7.20297
22190.000 7.20036
22200.000 7.19599
22210.000 7.19337
22220.000 7.18988
22230.000 7.18552
22240.000 7.18378
22250.000 7.18028
22260.000 7.17679
22270.000 7.17418
22280.000 7.17069
22290.000 7.16807
22300.000 7.16545
22310.000 7.16196
22320.000 7.15847
22330.000 7.15672
22340.000 7.15323
22350.000 7.14974
22360.000 7.14712
22370.000 7.14363
22380.000 7.14102
22390.000 7.13840
22400.000 7.13491
22410.000 7.13142
22420.000 7.12967
22430.000 7.12618
22440.000 7.12269
22450.000 7.12007
22460.000 7.11745
22470.000 7.11396
22480.000 7.11134
22490.000 7.10785
22500.000 7.10524
22510.000 7.10262
22520.000 7.09913
22530.000 7.09651
22540.000 7.09389
22550.000 7.09040
22560.000 7.08778
22570.000 7.08516
22580.000 7.08167
22590.000 7.07818
22600.000 7.07556
22610.000 7.07207
22620.000 7.06946
22630.000 7.06684
22640.000 7.06335
22650.000 7.05986
22660.000 7.05724
22670.000 7.05462
22680.000 7.05113
22690.000 7.04764
22700.000 7.04502
22710.000 7.04240
22720.000 7.03891
22730.000 7.03629
22740.000 7.03368
22750.000 7.03019
22760.000 7.02670
22770.000 7.02408
22780.000 7.02146
22790.000 7.01797
22800.000 7.01448
22810.000 7.01273
22820.000 7.00924
22830.000 7.00575
22840.000 7.00313
22850.000 7.00052
22860.000 6.99703
22870.000 6.99441
22880.000 6.99179
22890.000 6.98830
22900.000 6.98481
22910.000 6.98219
22920.000 6.97957
22930.000 6.97608
22940.000 6.97346
22950.000 6.97085
22960.000 6.96735
22970.000 6.96474
22980.000 6.96212
22990.000 6.95863
23000.000 6.95601
23010.000 6.95252
23020.000 6.94990
23030.000 6.94641
23040.000 6.94379
23050.000 6.94117
23060.000 6.93768
23070.000 6.93507
23080.000 6.93158
23090.000 6.92896
23100.000 6.92634
23110.000 6.92285
23120.000 6.92023
23130.000 6.91674
23140.000 6.91412
23150.000 6.91150
23160.000 6.90801
23170.000 6.90540
23180.000 6.90278
23190.000 6.89929
23200.000 6.89667
23210.000 6.89405
23220.000 6.89056
23230.000 6.88794
23240.000 6.88532
23250.000 6.88183
23260.000 6.87922
23270.000 6.87660
23280.000 6.87311
23290.000 6.87049
23300.000 6.86787
23310.000 6.86438
23320.000 6.86176
23330.000 6.85914
23340.000 6.85565
23350.000 6.85304
23360.000 6.85042
23370.000 6.84693
23380.000 6.84431
23390.000 6.84169
23400.000 6.83820
23410.000 6.83558
23420.000 6.83296
23430.000 6.82947
23440.000 6.82686
23450.000 6.82424
23460.000 6.82075
23470.000 6.81813
23480.000 6.81551
23490.000 6.81202
23500.000 6.81028
23510.000 6.80678
23520.000 6.80329
23530.000 6.80155
23540.000 6.79806
23550.000 6.79544
23560.000 6.79282
23570.000 6.78933
23580.000 6.78671
23590.000 6.78409
23600.000 6.78060
23610.000 6.77886
23620.000 6.77537
23630.000 6.77275
23640.000 6.77013
23650.000 6.76664
23660.000 6.76490
23670.000 6.76141
23680.000 6.75792
23690.000 6.75617
23700.000 6.75268
23710.000 6.75006
23720.000 6.74744
23730.000 6.74395
23740.000 6.74221
23750.000 6.73872
23760.000 6.73610
23770.000 6.73348
23780.000 6.72999
23790.000 6.72824
23800.000 6.72475
23810.000 6.72214
23820.000 6.71952
23830.000 6.71603
23840.000 6.71428
23850.000 6.71079
23860.000 6.70905
23870.000 6.70555
23880.000 6.70206
23890.000 6.70032
23900.000 6.69683
23910.000 6.69508
23920.000 6.69159
23930.000 6.68810
23940.000 6.68636
23950.000 6.68287
23960.000 6.68112
23970.000 6.67763
23980.000 6.67588
23990.000 6.67239
24000.000 6.66890
24010.000 6.66716
24020.000 6.66367
24030.000 6.66192
24040.000 6.65843
24050.000 6.65669
24060.000 6.65320
24070.000 6.64970
24080.000 6.64796
24090.000 6.64447
24100.000 6.64272
24110.000 6.63923
24120.000 6.63749
24130.000 6.63400
24140.000 6.63225
24150.000 6.62876
24160.000 6.62527
24170.000 6.62352
24180.000 6.62003
24190.000 6.61829
24200.000 6.61480
24210.000 6.61305
24220.000 6.60956
24230.000 6.60782
24240.000 6.60433
24250.000 6.60258
24260.000 6.59909
24270.000 6.59647
24280.000 6.59385
24290.000 6.59036
24300.000 6.58862
24310.000 6.58513
24320.000 6.58338
24330.000 6.57989
24340.000 6.57815
24350.000 6.57466
24360.000 6.57291
24370.000 6.56942
24380.000 6.56767
24390.000 6.56418
24400.000 6.56244
24410.000 6.55895
24420.000 6.55720
24430.000 6.55371
24440.000 6.55109
24450.000 6.54848
24460.000 6.54586
24470.000 6.54324
24480.000 6.54062
24490.000 6.53800
24500.000 6.53539
24510.000 6.53277
24520.000 6.53015
24530.000 6.52753
24540.000 6.52491
24550.000 6.52230
24560.000 6.51968
24570.000 6.51706
24580.000 6.51444
24590.000 6.51182
24600.000 6.50921
24610.000 6.50659
24620.000 6.50397
24630.000 6.50135
24640.000 6.49873
24650.000 6.49612
24660.000 6.49350
24670.000 6.49088
24680.000 6.48826
24690.000 6.48564
24700.000 6.48303
24710.000 6.48041
24720.000 6.47779
24730.000 6.47517
24740.000 6.47255
24750.000 6.46994
24760.000 6.46732
24770.000 6.46470
24780.000 6.46208
24790.000 6.45946
24800.000 6.45685
24810.000 6.45423
24820.000 6.45161
24830.000 6.44899
24840.000 6.44637
24850.000 6.44376
24860.000 6.44114
24870.000 6.43939
24880.000 6.43590
24890.000 6.43416
24900.000 6.43067
24910.000 6.42892
24920.000 6.42630
24930.000 6.42368
24940.000 6.42107
24950.000 6.41845
24960.000 6.41583
24970.000 6.41321
24980.000 6.41147
24990.000 6.40798
25000.000 6.40623
