18000.000 14.1040
18010.000 14.0962
18020.000 14.0883
18030.000 14.0804
18040.000 14.0726
18050.000 14.0656
18060.000 14.0569
18070.000 14.0499
18080.000 14.0412
18090.000 14.0342
18100.000 14.0255
18110.000 14.0185
18120.000 14.0106
18130.000 14.0028
18140.000 13.9958
18150.000 13.9871
18160.000 13.9801
18170.000 13.9722
18180.000 13.9644
18190.000 13.9565
18200.000 13.9495
18210.000 13.9417
18220.000 13.9338
18230.000 13.9269
18240.000 13.9181
18250.000 13.9111
18260.000 13.9042
18270.000 13.8954
18280.000 13.8885
18290.000 13.8815
18300.000 13.8728
18310.000 13.8658
18320.000 13.8588
18330.000 13.8501
18340.000 13.8431
18350.000 13.8361
18360.000 13.8274
18370.000 13.8204
18380.000 13.8134
18390.000 13.8056
18400.000 13.7977
18410.000 13.7907
18420.000 13.7829
18430.000 13.7759
18440.000 13.7680
18450.000 13.7610
18460.000 13.7532
18470.000 13.7462
18480.000 13.7384
18490.000 13.7305
18500.000 13.7235
18510.000 13.7165
18520.000 13.7087
18530.000 13.7008
18540.000 13.6939
18550.000 13.6869
18560.000 13.6799
18570.000 13.6712
18580.000 13.6642
18590.000 13.6572
18600.000 13.6502
18610.000 13.6432
18620.000 13.6354
18630.000 13.6275
18640.000 13.6206
18650.000 13.6136
18660.000 13.6066
18670.000 13.5987
18680.000 13.5918
18690.000 13.5848
18700.000 13.5769
18710.000 13.5699
18720.000 13.5630
18730.000 13.5551
18740.000 13.5481
18750.000 13.5411
18760.000 13.5342
18770.000 13.5272
18780.000 13.5193
18790.000 13.5123
18800.000 13.5045
18810.000 13.4975
18820.000 13.4905
18830.000 13.4835
18840.000 13.4766
18850.000 13.4696
18860.000 13.4626
18870.000 13.4556
18880.000 13.4486
18890.000 13.4408
18900.000 13.4338
18910.000 13.4268
18920.000 13.4198
18930.000 13.4129
18940.000 13.4050
18950.000 13.3980
18960.000 13.3910
18970.000 13.3841
18980.000 13.3771
18990.000 13.3701
19000.000 13.3631
19010.000 13.3561
19020.000 13.3492
19030.000 13.3422
19040.000 13.3352
19050.000 13.3282
19060.000 13.3212
19070.000 13.3142
19080.000 13.3081
19090.000 13.3012
19100.000 13.2933
19110.000 13.2863
19120.000 13.2802
19130.000 13.2732
19140.000 13.2662
19150.000 13.2593
19160.000 13.2523
19170.000 13.2453
19180.000 13.2383
19190.000 13.2313
19200.000 13.2244
19210.000 13.2174
19220.000 13.2104
19230.000 13.2034
19240.000 13.1973
19250.000 13.1903
19260.000 13.1833
19270.000 13.1764
19280.000 13.1694
19290.000 13.1624
19300.000 13.1554
19310.000 13.1484
19320.000 13.1423
19330.000 13.1362
19340.000 13.1292
19350.000 13.1223
19360.000 13.1153
19370.000 13.1083
19380.000 13.1013
19390.000 13.0943
19400.000 13.0882
19410.000 13.0812
19420.000 13.0751
19430.000 13.0682
19440.000 13.0612
19450.000 13.0542
19460.000 13.0481
19470.000 13.0411
19480.000 13.0341
19490.000 13.0280
19500.000 13.0210
19510.000 13.0149
19520.000 13.0079
19530.000 13.0010
19540.000 12.9940
19550.000 12.9879
19560.000 12.9818
19570.000 12.9748
19580.000 12.9678
19590.000 12.9608
19600.000 12.9556
19610.000 12.9486
19620.000 12.9416
19630.000 12.9346
19640.000 12.9285
19650.000 12.9224
19660.000 12.9154
19670.000 12.9085
19680.000 12.9023
19690.000 12.8962
19700.000 12.8893
19710.000 12.8823
19720.000 12.8762
19730.000 12.8701
19740.000 12.8631
19750.000 12.8570
19760.000 12.8500
19770.000 12.8439
19780.000 12.8378
19790.000 12.8308
19800.000 12.8238
19810.000 12.8177
19820.000 12.8116
19830.000 12.8046
19840.000 12.7985
19850.000 12.7924
19860.000 12.7854
19870.000 12.7784
19880.000 12.7732
19890.000 12.7662
19900.000 12.7592
19910.000 12.7540
19920.000 12.7470
19930.000 12.7409
19940.000 12.7348
19950.000 12.7278
19960.000 12.7217
19970.000 12.7156
19980.000 12.7086
19990.000 12.7025
20000.000 12.6964
20010.000 12.6903
20020.000 12.6833
20030.000 12.6772
20040.000 12.6711
20050.000 12.6650
20060.000 12.6589
20070.000 12.6519
20080.000 12.6458
20090.000 12.6397
20100.000 12.6327
20110.000 12.6275
20120.000 12.6205
20130.000 12.6152
20140.000 12.6083
20150.000 12.6013
20160.000 12.5960
20170.000 12.5891
20180.000 12.5838
20190.000 12.5768
20200.000 12.5707
20210.000 12.5646
20220.000 12.5585
20230.000 12.5524
20240.000 12.5463
20250.000 12.5402
20260.000 12.5332
20270.000 12.5280
20280.000 12.5210
20290.000 12.5149
20300.000 12.5088
20310.000 12.5027
20320.000 12.4966
20330.000 12.4904
20340.000 12.4843
20350.000 12.4782
20360.000 12.4721
20370.000 12.4660
20380.000 12.4599
20390.000 12.4538
20400.000 12.4486
20410.000 12.4416
20420.000 12.4363
20430.000 12.4294
20440.000 12.4241
20450.000 12.4171
20460.000 12.4119
20470.000 12.4049
20480.000 12.3997
20490.000 12.3927
20500.000 12.3875
20510.000 12.3814
20520.000 12.3753
20530.000 12.3691
20540.000 12.3630
20550.000 12.3569
20560.000 12.3508
20570.000 12.3456
20580.000 12.3395
20590.000 12.3334
20600.000 12.3273
20610.000 12.3212
20620.000 12.3150
20630.000 12.3098
20640.000 12.3028
20650.000 12.2976
20660.000 12.2915
20670.000 12.2854
20680.000 12.2801
20690.000 12.2732
20700.000 12.2679
20710.000 12.2627
20720.000 12.2557
20730.000 12.2505
20740.000 12.2435
20750.000 12.2382
20760.000 12.2330
20770.000 12.2260
20780.000 12.2208
20790.000 12.2147
20800.000 12.2086
20810.000 12.2033
20820.000 12.1972
20830.000 12.1911
20840.000 12.1859
20850.000 12.1798
20860.000 12.1737
20870.000 12.1684
20880.000 12.1623
20890.000 12.1562
20900.000 12.1501
20910.000 12.1449
20920.000 12.1388
20930.000 12.1327
20940.000 12.1274
20950.000 12.1222
20960.000 12.1152
20970.000 12.1100
20980.000 12.1047
20990.000 12.0986
21000.000 12.0925
21010.000 12.0873
21020.000 12.0820
21030.000 12.0751
21040.000 12.0698
21050.000 12.0646
21060.000 12.0585
21070.000 12.0524
21080.000 12.0471
21090.000 12.0419
21100.000 12.0358
21110.000 12.0297
21120.000 12.0244
21130.000 12.0183
21140.000 12.0131
21150.000 12.0070
21160.000 12.0018
21170.000 11.9956
21180.000 11.9904
21190.000 11.9843
21200.000 11.9791
21210.000 11.9730
21220.000 11.9677
21230.000 11.9625
21240.000 11.9564
21250.000 11.9503
21260.000 11.9450
21270.000 11.9398
21280.000 11.9346
21290.000 11.9285
21300.000 11.9223
21310.000 11.9171
21320.000 11.9119
21330.000 11.9066
21340.000 11.9014
21350.000 11.8944
21360.000 11.8892
21370.000 11.8839
21380.000 11.8787
21390.000 11.8735
21400.000 11.8674
21410.000 11.8613
21420.000 11.8560
21430.000 11.8508
21440.000 11.8455
21450.000 11.8394
21460.000 11.8342
21470.000 11.8290
21480.000 11.8229
21490.000 11.8176
21500.000 11.8124
21510.000 11.8063
21520.000 11.8010
21530.000 11.7958
21540.000 11.7906
21550.000 11.7853
21560.000 11.7792
21570.000 11.7740
21580.000 11.7679
21590.000 11.7626
21600.000 11.7574
21610.000 11.7522
21620.000 11.7469
21630.000 11.7417
21640.000 11.7365
21650.000 11.7312
21660.000 11.7251
21670.000 11.7190
21680.000 11.7138
21690.000 11.7085
21700.000 11.7033
21710.000 11.6981
21720.000 11.6928
21730.000 11.6876
21740.000 11.6824
21750.000 11.6771
21760.000 11.6710
21770.000 11.6658
21780.000 11.6605
21790.000 11.6553
21800.000 11.6501
21810.000 11.6448
21820.000 11.6396
21830.000 11.6344
21840.000 11.6291
21850.000 11.6239
21860.000 11.6178
21870.000 11.6125
21880.000 11.6073
21890.000 11.6021
21900.000 11.5968
21910.000 11.5907
21920.000 11.5855
21930.000 11.5803
21940.000 11.5750
21950.000 11.5698
21960.000 11.5646
21970.000 11.5593
21980.000 11.5541
21990.000 11.5488
22000.000 11.5436
22010.000 11.5384
22020.000 11.5331
22030.000 11.5279
22040.000 11.5227
22050.000 11.5183
22060.000 11.5131
22070.000 11.5078
22080.000 11.5026
22090.000 11.4974
22100.000 11.4921
22110.000 11.4869
22120.000 11.4816
22130.000 11.4764
22140.000 11.4712
22150.000 11.4659
22160.000 11.4607
22170.000 11.4555
22180.000 11.4502
22190.000 11.4450
22200.000 11.4398
22210.000 11.4345
22220.000 11.4293
22230.000 11.4241
22240.000 11.4206
22250.000 11.4153
22260.000 11.4101
22270.000 11.4049
22280.000 11.3996
22290.000 11.3944
22300.000 11.3891
22310.000 11.3839
22320.000 11.3787
22330.000 11.3734
22340.000 11.3682
22350.000 11.3638
22360.000 11.3586
22370.000 11.3534
22380.000 11.3481
22390.000 11.3438
22400.000 11.3385
22410.000 11.3333
22420.000 11.3281
22430.000 11.3228
22440.000 11.3185
22450.000 11.3132
22460.000 11.3080
22470.000 11.3028
22480.000 11.2975
22490.000 11.2923
22500.000 11.2879
22510.000 11.2836
22520.000 11.2783
22530.000 11.2731
22540.000 11.2678
22550.000 11.2626
22560.000 11.2574
22570.000 11.2530
22580.000 11.2486
22590.000 11.2434
22600.000 11.2382
22610.000 11.2329
22620.000 11.2277
22630.000 11.2233
22640.000 11.2181
22650.000 11.2137
22660.000 11.2085
22670.000 11.2033
22680.000 11.1980
22690.000 11.1937
22700.000 11.1884
22710.000 11.1841
22720.000 11.1788
22730.000 11.1736
22740.000 11.1692
22750.000 11.1640
22760.000 11.1588
22770.000 11.1544
22780.000 11.1500
22790.000 11.1448
22800.000 11.1396
22810.000 11.1343
22820.000 11.1300
22830.000 11.1256
22840.000 11.1204
22850.000 11.1151
22860.000 11.1099
22870.000 11.1064
22880.000 11.1012
22890.000 11.0959
22900.000 11.0907
22910.000 11.0863
22920.000 11.0820
22930.000 11.0767
22940.000 11.0715
22950.000 11.0671
22960.000 11.0628
22970.000 11.0575
22980.000 11.0523
22990.000 11.0479
23000.000 11.0427
23010.000 11.0383
23020.000 11.0331
23030.000 11.0287
23040.000 11.0235
23050.000 11.0191
23060.000 11.0139
23070.000 11.0095
23080.000 11.0043
23090.000 10.9999
23100.000 10.9956
23110.000 10.9903
23120.000 10.9851
23130.000 10.9816
23140.000 10.9764
23150.000 10.9711
23160.000 10.9668
23170.000 10.9624
23180.000 10.9572
23190.000 10.9519
23200.000 10.9485
23210.000 10.9432
23220.000 10.9380
23230.000 10.9345
23240.000 10.9293
23250.000 10.9240
23260.000 10.9197
23270.000 10.9153
23280.000 10.9101
23290.000 10.9057
23300.000 10.9013
23310.000 10.8961
23320.000 10.8917
23330.000 10.8874
23340.000 10.8821
23350.000 10.8778
23360.000 10.8734
23370.000 10.8682
23380.000 10.8638
23390.000 10.8594
23400.000 10.8542
23410.000 10.8498
23420.000 10.8455
23430.000 10.8411
23440.000 10.8359
23450.000 10.8315
23460.000 10.8272
23470.000 10.8219
23480.000 10.8176
23490.000 10.8132
23500.000 10.8080
23510.000 10.8045
23520.000 10.7992
23530.000 10.7940
23540.000 10.7905
23550.000 10.7853
23560.000 10.7809
23570.000 10.7765
23580.000 10.7713
23590.000 10.7678
23600.000 10.7626
23610.000 10.7582
23620.000 10.7538
23630.000 10.7486
23640.000 10.7442
23650.000 10.7399
23660.000 10.7355
23670.000 10.7312
23680.000 10.7259
23690.000 10.7216
23700.000 10.7172
23710.000 10.7128
23720.000 10.7085
23730.000 10.7041
23740.000 10.6989
23750.000 10.6945
23760.000 10.6901
23770.000 10.6858
23780.000 10.6814
23790.000 10.6762
23800.000 10.6727
23810.000 10.6675
23820.000 10.6640
23830.000 10.6587
23840.000 10.6544
23850.000 10.6500
23860.000 10.6448
23870.000 10.6413
23880.000 10.6360
23890.000 10.6325
23900.000 10.6273
23910.000 10.6238
23920.000 10.6186
23930.000 10.6151
23940.000 10.6099
23950.000 10.6055
23960.000 10.6011
23970.000 10.5968
23980.000 10.5924
23990.000 10.5880
24000.000 10.5837
24010.000 10.5793
24020.000 10.5750
24030.000 10.5706
24040.000 10.5662
24050.000 10.5619
24060.000 10.5575
24070.000 10.5531
24080.000 10.5488
24090.000 10.5444
24100.000 10.5392
24110.000 10.5357
24120.000 10.5304
24130.000 10.5270
24140.000 10.5217
24150.000 10.5182
24160.000 10.5130
24170.000 10.5095
24180.000 10.5043
24190.000 10.5008
24200.000 10.4955
24210.000 10.4920
24220.000 10.4868
24230.000 10.4833
24240.000 10.4781
24250.000 10.4746
24260.000 10.4711
24270.000 10.4659
24280.000 10.4624
24290.000 10.4571
24300.000 10.4536
24310.000 10.4484
24320.000 10.4449
24330.000 10.4397
24340.000 10.4362
24350.000 10.4318
24360.000 10.4275
24370.000 10.4231
24380.000 10.4187
24390.000 10.4144
24400.000 10.4100
24410.000 10.4065
24420.000 10.4022
24430.000 10.3978
24440.000 10.3934
24450.000 10.3891
24460.000 10.3847
24470.000 10.3803
24480.000 10.3760
24490.000 10.3725
24500.000 10.3681
24510.000 10.3638
24520.000 10.3594
24530.000 10.3550
24540.000 10.3515
24550.000 10.3463
24560.000 10.3428
24570.000 10.3385
24580.000 10.3341
24590.000 10.3306
24600.000 10.3254
24610.000 10.3219
24620.000 10.3166
24630.000 10.3132
24640.000 10.3097
24650.000 10.3044
24660.000 10.3009
24670.000 10.2966
24680.000 10.2922
24690.000 10.2887
24700.000 10.2835
24710.000 10.2800
24720.000 10.2756
24730.000 10.2713
24740.000 10.2678
24750.000 10.2634
24760.000 10.2590
24770.000 10.2547
24780.000 10.2512
24790.000 10.2468
24800.000 10.2425
24810.000 10.2390
24820.000 10.2346
24830.000 10.2302
24840.000 10.2259
24850.000 10.2215
24860.000 10.2180
24870.000 10.2137
24880.000 10.2093
24890.000 10.2058
24900.000 10.2014
24910.000 10.1971
24920.000 10.1936
24930.000 10.1892
24940.000 10.1849
24950.000 10.1814
24960.000 10.1779
24970.000 10.1727
24980.000 10.1692
24990.000 10.1648
25000.000 10.1604
25010.000 10.1569
25020.000 10.1526
25030.000 10.1482
25040.000 10.1447
25050.000 10.1404
25060.000 10.1360
25070.000 10.1325
25080.000 10.1281
25090.000 10.1247
25100.000 10.1203
25110.000 10.1168
25120.000 10.1124
25130.000 10.1081
25140.000 10.1046
25150.000 10.1002
25160.000 10.0959
25170.000 10.0924
25180.000 10.0880
25190.000 10.0845
25200.000 10.0801
25210.000 10.0758
25220.000 10.0723
25230.000 10.0688
25240.000 10.0644
25250.000 10.0601
25260.000 10.0566
25270.000 10.0522
25280.000 10.0479
25290.000 10.0444
25300.000 10.0409
25310.000 10.0365
25320.000 10.0322
25330.000 10.0287
25340.000 10.0252
25350.000 10.0199
25360.000 10.0164
25370.000 10.0130
25380.000 10.0095
25390.000 10.0042
25400.000 10.0007
25410.000 9.99725
25420.000 9.99376
25430.000 9.98939
25440.000 9.98503
25450.000 9.98154
25460.000 9.97717
25470.000 9.97368
25480.000 9.96932
25490.000 9.96583
25500.000 9.96147
25510.000 9.95798
25520.000 9.95361
25530.000 9.95012
25540.000 9.94576
25550.000 9.94227
25560.000 9.93878
25570.000 9.93441
25580.000 9.93092
25590.000 9.92656
25600.000 9.92307
25610.000 9.91958
25620.000 9.91522
25630.000 9.91085
25640.000 9.90736
25650.000 9.90387
25660.000 9.90038
25670.000 9.89514
25680.000 9.89165
25690.000 9.88816
25700.000 9.88467
25710.000 9.88118
25720.000 9.87595
25730.000 9.87246
25740.000 9.86896
25750.000 9.86547
25760.000 9.86198
25770.000 9.85762
25780.000 9.85326
25790.000 9.84977
25800.000 9.84628
25810.000 9.84278
25820.000 9.83842
25830.000 9.83493
25840.000 9.83057
25850.000 9.82708
25860.000 9.82359
25870.000 9.81922
25880.000 9.81573
25890.000 9.81224
25900.000 9.80788
25910.000 9.80439
25920.000 9.80090
25930.000 9.79653
25940.000 9.79304
25950.000 9.78955
25960.000 9.78606
25970.000 9.78170
25980.000 9.77821
25990.000 9.77384
26000.000 9.77035
26010.000 9.76686
26020.000 9.76337
26030.000 9.75988
26040.000 9.75552
26050.000 9.75115
26060.000 9.74766
26070.000 9.74417
26080.000 9.74068
26090.000 9.73719
26100.000 9.73370
26110.000 9.72934
26120.000 9.72497
26130.000 9.72148
26140.000 9.71799
26150.000 9.71450
26160.000 9.71101
26170.000 9.70752
26180.000 9.70403
26190.000 9.69967
26200.000 9.69618
26210.000 9.69181
26220.000 9.68832
26230.000 9.68483
26240.000 9.68134
26250.000 9.67785
26260.000 9.67349
26270.000 9.67000
26280.000 9.66651
26290.000 9.66302
26300.000 9.65952
26310.000 9.65516
26320.000 9.65167
26330.000 9.64818
26340.000 9.64469
26350.000 9.64033
26360.000 9.63684
26370.000 9.63334
26380.000 9.62985
26390.000 9.62636
26400.000 9.62287
26410.000 9.61938
26420.000 9.61589
26430.000 9.61240
26440.000 9.60804
26450.000 9.60367
26460.000 9.60018
26470.000 9.59669
26480.000 9.59320
26490.000 9.58971
26500.000 9.58622
26510.000 9.58273
26520.000 9.57924
26530.000 9.57575
26540.000 9.57226
26550.000 9.56877
26560.000 9.56528
26570.000 9.56091
26580.000 9.55742
26590.000 9.55393
26600.000 9.55044
26610.000 9.54695
26620.000 9.54259
26630.000 9.53910
26640.000 9.53561
26650.000 9.53212
26660.000 9.52863
26670.000 9.52514
26680.000 9.52164
26690.000 9.51815
26700.000 9.51466
26710.000 9.51117
26720.000 9.50768
26730.000 9.50419
26740.000 9.49983
26750.000 9.49634
26760.000 9.49285
26770.000 9.48936
26780.000 9.48586
26790.000 9.48237
26800.000 9.47888
26810.000 9.47539
26820.000 9.47190
26830.000 9.46841
26840.000 9.46492
26850.000 9.46143
26860.000 9.45794
26870.000 9.45445
26880.000 9.45096
26890.000 9.44747
26900.000 9.44398
26910.000 9.44049
26920.000 9.43700
26930.000 9.43351
26940.000 9.43001
26950.000 9.42652
26960.000 9.42303
26970.000 9.41954
26980.000 9.41605
26990.000 9.41256
27000.000 9.40907
27010.000 9.40558
27020.000 9.40209
27030.000 9.39860
27040.000 9.39511
27050.000 9.39162
27060.000 9.38813
27070.000 9.38464
27080.000 9.38114
27090.000 9.37765
27100.000 9.37416
27110.000 9.37067
27120.000 9.36718
27130.000 9.36369
27140.000 9.36020
27150.000 9.35758
27160.000 9.35409
27170.000 9.35060
27180.000 9.34711
27190.000 9.34362
27200.000 9.34013
27210.000 9.33664
27220.000 9.33315
27230.000 9.32966
27240.000 9.32617
27250.000 9.32268
27260.000 9.31919
27270.000 9.31569
27280.000 9.31220
27290.000 9.30871
27300.000 9.30522
27310.000 9.30173
27320.000 9.29824
27330.000 9.29475
27340.000 9.29213
27350.000 9.28864
27360.000 9.28602
27370.000 9.28253
27380.000 9.27904
27390.000 9.27555
27400.000 9.27206
27410.000 9.26857
27420.000 9.26508
27430.000 9.26159
27440.000 9.25810
27450.000 9.25461
27460.000 9.25112
27470.000 9.24850
27480.000 9.24501
27490.000 9.24152
27500.000 9.23803
27510.000 9.23454
27520.000 9.23105
27530.000 9.22843
27540.000 9.22494
27550.000 9.22145
27560.000 9.21796
27570.000 9.21447
27580.000 9.21185
27590.000 9.20836
27600.000 9.20487
27610.000 9.20138
27620.000 9.19789
27630.000 9.19440
27640.000 9.19090
27650.000 9.18741
27660.000 9.18480
27670.000 9.18218
27680.000 9.17869
27690.000 9.17520
27700.000 9.17171
27710.000 9.16821
27720.000 9.16472
27730.000 9.16123
27740.000 9.15774
27750.000 9.15425
27760.000 9.15251
27770.000 9.14902
27780.000 9.14553
27790.000 9.14203
27800.000 9.13854
27810.000 9.13505
27820.000 9.13156
27830.000 9.12807
27840.000 9.12545
27850.000 9.12196
27860.000 9.11935
27870.000 9.11586
27880.000 9.11236
27890.000 9.10887
27900.000 9.10538
27910.000 9.10277
27920.000 9.09927
27930.000 9.09578
27940.000 9.09317
27950.000 9.08967
27960.000 9.08618
27970.000 9.08269
27980.000 9.08008
27990.000 9.07658
28000.000 9.07309
28010.000 9.06960
28020.000 9.06699
28030.000 9.06349
28040.000 9.06088
28050.000 9.05739
28060.000 9.05390
28070.000 9.05041
28080.000 9.04691
28090.000 9.04430
28100.000 9.04168
28110.000 9.03819
28120.000 9.03470
28130.000 9.03121
28140.000 9.02772
28150.000 9.02423
28160.000 9.02248
28170.000 9.01899
28180.000 9.01550
28190.000 9.01201
28200.000 9.00852
28210.000 9.00590
28220.000 9.00328
28230.000 8.99979
28240.000 8.99630
28250.000 8.99281
28260.000 8.98932
28270.000 8.98670
28280.000 8.98408
28290.000 8.98059
28300.000 8.97710
28310.000 8.97361
28320.000 8.97099
28330.000 8.96750
28340.000 8.96488
28350.000 8.96139
28360.000 8.95790
28370.000 8.95529
28380.000 8.95179
28390.000 8.94918
28400.000 8.94569
28410.000 8.94219
28420.000 8.93958
28430.000 8.93609
28440.000 8.93260
28450.000 8.92998
28460.000 8.92736
28470.000 8.92387
28480.000 8.92038
28490.000 8.91689
28500.000 8.91427
28510.000 8.91165
28520.000 8.90816
28530.000 8.90467
28540.000 8.90118
28550.000 8.89943
28560.000 8.89594
28570.000 8.89245
28580.000 8.88896
28590.000 8.88547
28600.000 8.88373
28610.000 8.88024
28620.000 8.87675
28630.000 8.87325
28640.000 8.87151
28650.000 8.86802
28660.000 8.86453
28670.000 8.86104
28680.000 8.85842
28690.000 8.85580
28700.000 8.85231
28710.000 8.84882
28720.000 8.84620
28730.000 8.84358
28740.000 8.84009
28750.000 8.83660
28760.000 8.83398
28770.000 8.83049
28780.000 8.82788
28790.000 8.82438
28800.000 8.82177
28810.000 8.81828
28820.000 8.81566
28830.000 8.81217
28840.000 8.80955
28850.000 8.80606
28860.000 8.80344
28870.000 8.79995
28880.000 8.79733
28890.000 8.79384
28900.000 8.79122
28910.000 8.78861
28920.000 8.78512
28930.000 8.78162
28940.000 8.77901
28950.000 8.77639
28960.000 8.77290
28970.000 8.76941
28980.000 8.76679
28990.000 8.76417
29000.000 8.76068
29010.000 8.75719
29020.000 8.75544
29030.000 8.75195
29040.000 8.74846
29050.000 8.74497
29060.000 8.74323
29070.000 8.73974
29080.000 8.73625
29090.000 8.73363
29100.000 8.73101
29110.000 8.72752
29120.000 8.72403
29130.000 8.72228
29140.000 8.71879
29150.000 8.71530
29160.000 8.71268
29170.000 8.71007
29180.000 8.70658
29190.000 8.70396
29200.000 8.70134
29210.000 8.69785
29220.000 8.69436
29230.000 8.69174
29240.000 8.68912
29250.000 8.68563
29260.000 8.68301
29270.000 8.68040
29280.000 8.67690
29290.000 8.67429
29300.000 8.67080
29310.000 8.66818
29320.000 8.66556
29330.000 8.66207
29340.000 8.65945
29350.000 8.65683
29360.000 8.65334
29370.000 8.65072
29380.000 8.64811
29390.000 8.64462
29400.000 8.64113
29410.000 8.63938
29420.000 8.63589
29430.000 8.63240
29440.000 8.63065
29450.000 8.62716
29460.000 8.62367
29470.000 8.62193
29480.000 8.61844
29490.000 8.61495
29500.000 8.61320
29510.000 8.60971
29520.000 8.60622
29530.000 8.60447
29540.000 8.60098
29550.000 8.59749
29560.000 8.59487
29570.000 8.59226
29580.000 8.58877
29590.000 8.58615
29600.000 8.58353
29610.000 8.58004
29620.000 8.57742
29630.000 8.57480
29640.000 8.57131
29650.000 8.56869
29660.000 8.56608
29670.000 8.56259
29680.000 8.55997
29690.000 8.55735
29700.000 8.55473
29710.000 8.55124
29720.000 8.54862
29730.000 8.54601
29740.000 8.54339
29750.000 8.53990
29760.000 8.53728
29770.000 8.53466
29780.000 8.53117
29790.000 8.52855
29800.000 8.52593
29810.000 8.52332
29820.000 8.51982
29830.000 8.51721
29840.000 8.51459
29850.000 8.51110
29860.000 8.50848
29870.000 8.50586
29880.000 8.50237
29890.000 8.50063
29900.000 8.49714
29910.000 8.49452
29920.000 8.49190
29930.000 8.48841
29940.000 8.48666
29950.000 8.48317
29960.000 8.47968
29970.000 8.47794
29980.000 8.47445
29990.000 8.47270
30000.000 8.46921
30010.000 8.46572
30020.000 8.46397
30030.000 8.46048
30040.000 8.45699
30050.000 8.45525
30060.000 8.45176
30070.000 8.45001
30080.000 8.44652
30090.000 8.44303
30100.000 8.44129
30110.000 8.43779
30120.000 8.43518
30130.000 8.43256
30140.000 8.42994
30150.000 8.42732
30160.000 8.42383
30170.000 8.42121
30180.000 8.41860
30190.000 8.41598
30200.000 8.41336
30210.000 8.40987
30220.000 8.40725
30230.000 8.40463
30240.000 8.40202
30250.000 8.39940
30260.000 8.39678
30270.000 8.39329
30280.000 8.39067
30290.000 8.38805
30300.000 8.38543
30310.000 8.38282
30320.000 8.37933
30330.000 8.37671
30340.000 8.37409
30350.000 8.37147
30360.000 8.36885
30370.000 8.36536
30380.000 8.36362
30390.000 8.36013
30400.000 8.35838
30410.000 8.35489
30420.000 8.35140
30430.000 8.34966
30440.000 8.34616
30450.000 8.34442
30460.000 8.34093
30470.000 8.33918
30480.000 8.33569
30490.000 8.33220
30500.000 8.33046
30510.000 8.32697
30520.000 8.32522
30530.000 8.32173
30540.000 8.31998
30550.000 8.31649
30560.000 8.31388
30570.000 8.31126
30580.000 8.30864
30590.000 8.30602
30600.000 8.30253
30610.000 8.30079
30620.000 8.29730
30630.000 8.29468
30640.000 8.29206
30650.000 8.28944
30660.000 8.28682
30670.000 8.28421
30680.000 8.28159
30690.000 8.27897
30700.000 8.27635
30710.000 8.27373
30720.000 8.27024
30730.000 8.26762
30740.000 8.26501
30750.000 8.26239
30760.000 8.25977
30770.000 8.25715
30780.000 8.25453
30790.000 8.25192
30800.000 8.24930
30810.000 8.24668
30820.000 8.24406
30830.000 8.24057
30840.000 8.23883
30850.000 8.23534
30860.000 8.23359
30870.000 8.23010
30880.000 8.22836
30890.000 8.22486
30900.000 8.22312
30910.000 8.21963
30920.000 8.21788
30930.000 8.21439
30940.000 8.21265
30950.000 8.20916
30960.000 8.20741
30970.000 8.20392
30980.000 8.20130
30990.000 8.19868
31000.000 8.19607
31010.000 8.19345
31020.000 8.19083
31030.000 8.18821
31040.000 8.18559
31050.000 8.18298
31060.000 8.18036
31070.000 8.17774
31080.000 8.17512
31090.000 8.17250
31100.000 8.16989
31110.000 8.16727
31120.000 8.16465
31130.000 8.16203
31140.000 8.15941
31150.000 8.15680
31160.000 8.15418
31170.000 8.15156
31180.000 8.14894
31190.000 8.14632
31200.000 8.14371
31210.000 8.14109
31220.000 8.13847
31230.000 8.13585
31240.000 8.13323
31250.000 8.13062
31260.000 8.12800
31270.000 8.12538
31280.000 8.12276
31290.000 8.12014
31300.000 8.11753
31310.000 8.11491
31320.000 8.11229
31330.000 8.10967
31340.000 8.10705
31350.000 8.10444
31360.000 8.10182
31370.000 8.10007
31380.000 8.09658
31390.000 8.09484
31400.000 8.09135
31410.000 8.08960
31420.000 8.08611
31430.000 8.08436
31440.000 8.08087
31450.000 8.07913
31460.000 8.07564
31470.000 8.07389
31480.000 8.07040
31490.000 8.06866
31500.000 8.06604
31510.000 8.06342
31520.000 8.06080
31530.000 8.05819
31540.000 8.05644
31550.000 8.05295
31560.000 8.05120
31570.000 8.04771
31580.000 8.04597
31590.000 8.04248
31600.000 8.04073
31610.000 8.03811
31620.000 8.03550
31630.000 8.03288
31640.000 8.03026
31650.000 8.02764
31660.000 8.02502
31670.000 8.02241
31680.000 8.01979
31690.000 8.01804
31700.000 8.01542
31710.000 8.01281
31720.000 8.01019
31730.000 8.00757
31740.000 8.00495
31750.000 8.00233
31760.000 7.99972
31770.000 7.99797
31780.000 7.99448
31790.000 7.99274
31800.000 7.99012
31810.000 7.98750
31820.000 7.98488
31830.000 7.98226
31840.000 7.98052
31850.000 7.97703
31860.000 7.97528
31870.000 7.97179
31880.000 7.97005
31890.000 7.96743
31900.000 7.96481
31910.000 7.96307
31920.000 7.95957
31930.000 7.95783
31940.000 7.95434
31950.000 7.95259
31960.000 7.95085
31970.000 7.94736
31980.000 7.94561
31990.000 7.94212
32000.000 7.94038
32010.000 7.93688
32020.000 7.93514
32030.000 7.93339
32040.000 7.92990
32050.000 7.92816
32060.000 7.92467
32070.000 7.92292
32080.000 7.92030
32090.000 7.91769
32100.000 7.91594
32110.000 7.91245
32120.000 7.91071
32130.000 7.90809
32140.000 7.90547
32150.000 7.90285
32160.000 7.90023
32170.000 7.89849
32180.000 7.89587
32190.000 7.89325
32200.000 7.89063
32210.000 7.88802
32220.000 7.88627
32230.000 7.88365
32240.000 7.88103
32250.000 7.87842
32260.000 7.87580
32270.000 7.87405
32280.000 7.87144
32290.000 7.86882
32300.000 7.86620
32310.000 7.86445
32320.000 7.86096
32330.000 7.85922
32340.000 7.85660
32350.000 7.85398
32360.000 7.85224
32370.000 7.84875
32380.000 7.84700
32390.000 7.84526
32400.000 7.84176
32410.000 7.84002
32420.000 7.83740
32430.000 7.83478
32440.000 7.83304
32450.000 7.82955
32460.000 7.82780
32470.000 7.82606
32480.000 7.82257
32490.000 7.82082
32500.000 7.81733
32510.000 7.81558
32520.000 7.81384
32530.000 7.81035
32540.000 7.80860
32550.000 7.80599
32560.000 7.80337
32570.000 7.80162
32580.000 7.79813
32590.000 7.79639
32600.000 7.79464
32610.000 7.79115
32620.000 7.78940
32630.000 7.78679
32640.000 7.78417
32650.000 7.78242
32660.000 7.77981
32670.000 7.77719
32680.000 7.77544
32690.000 7.77282
32700.000 7.77021
32710.000 7.76759
32720.000 7.76584
32730.000 7.76322
32740.000 7.76061
32750.000 7.75799
32760.000 7.75624
32770.000 7.75363
32780.000 7.75101
32790.000 7.74926
32800.000 7.74664
32810.000 7.74403
32820.000 7.74141
32830.000 7.73966
32840.000 7.73704
32850.000 7.73443
32860.000 7.73268
32870.000 7.73006
32880.000 7.72745
32890.000 7.72570
32900.000 7.72308
32910.000 7.72046
32920.000 7.71872
32930.000 7.71610
32940.000 7.71348
32950.000 7.71174
32960.000 7.70825
32970.000 7.70650
32980.000 7.70476
32990.000 7.70127
33000.000 7.69952
33010.000 7.69777
33020.000 7.69428
33030.000 7.69254
33040.000 7.69079
33050.000 7.68730
33060.000 7.68556
33070.000 7.68381
33080.000 7.68032
33090.000 7.67858
33100.000 7.67683
33110.000 7.67421
33120.000 7.67160
33130.000 7.66985
33140.000 7.66723
33150.000 7.66461
33160.000 7.66287
33170.000 7.66025
33180.000 7.65763
33190.000 7.65589
33200.000 7.65327
33210.000 7.65065
33220.000 7.64891
33230.000 7.64629
33240.000 7.64367
33250.000 7.64192
33260.000 7.63931
33270.000 7.63756
33280.000 7.63494
33290.000 7.63233
33300.000 7.63058
33310.000 7.62796
33320.000 7.62534
33330.000 7.62360
33340.000 7.62098
33350.000 7.61924
33360.000 7.61662
33370.000 7.61487
33380.000 7.61225
33390.000 7.60964
33400.000 7.60789
33410.000 7.60527
33420.000 7.60265
33430.000 7.60091
33440.000 7.59829
33450.000 7.59567
33460.000 7.59393
33470.000 7.59218
33480.000 7.58869
33490.000 7.58695
33500.000 7.58520
33510.000 7.58258
33520.000 7.57997
33530.000 7.57822
33540.000 7.57647
33550.000 7.57298
33560.000 7.57124
33570.000 7.56949
33580.000 7.56600
33590.000 7.56426
33600.000 7.56251
33610.000 7.56077
33620.000 7.55728
33630.000 7.55553
33640.000 7.55379
33650.000 7.55029
33660.000 7.54855
33670.000 7.54680
33680.000 7.54419
33690.000 7.54157
33700.000 7.53982
33710.000 7.53808
33720.000 7.53546
33730.000 7.53284
33740.000 7.53110
33750.000 7.52848
33760.000 7.52586
33770.000 7.52411
33780.000 7.52237
33790.000 7.51975
33800.000 7.51713
33810.000 7.51539
33820.000 7.51277
33830.000 7.51102
33840.000 7.50841
33850.000 7.50666
33860.000 7.50404
33870.000 7.50230
33880.000 7.49968
33890.000 7.49793
33900.000 7.49532
33910.000 7.49357
33920.000 7.49095
33930.000 7.48834
33940.000 7.48659
33950.000 7.48484
33960.000 7.48223
33970.000 7.47961
33980.000 7.47786
33990.000 7.47612
34000.000 7.47350
34010.000 7.47088
34020.000 7.46914
34030.000 7.46739
34040.000 7.46390
34050.000 7.46216
34060.000 7.46041
34070.000 7.45866
34080.000 7.45517
34090.000 7.45343
34100.000 7.45168
34110.000 7.44994
34120.000 7.44645
34130.000 7.44470
34140.000 7.44296
34150.000 7.44121
34160.000 7.43772
34170.000 7.43598
34180.000 7.43423
34190.000 7.43248
34200.000 7.42899
34210.000 7.42725
34220.000 7.42550
34230.000 7.42376
34240.000 7.42027
34250.000 7.41852
34260.000 7.41678
34270.000 7.41503
34280.000 7.41241
34290.000 7.40980
34300.000 7.40805
34310.000 7.40630
34320.000 7.40369
34330.000 7.40107
34340.000 7.39932
34350.000 7.39758
34360.000 7.39496
34370.000 7.39321
34380.000 7.39060
34390.000 7.38885
34400.000 7.38623
34410.000 7.38449
34420.000 7.38187
34430.000 7.38013
34440.000 7.37751
34450.000 7.37576
34460.000 7.37402
34470.000 7.37140
34480.000 7.36965
34490.000 7.36703
34500.000 7.36529
34510.000 7.36267
34520.000 7.36093
34530.000 7.35831
34540.000 7.35656
34550.000 7.35482
34560.000 7.35220
34570.000 7.34958
34580.000 7.34784
34590.000 7.34609
34600.000 7.34435
34610.000 7.34173
34620.000 7.33911
34630.000 7.33736
34640.000 7.33562
34650.000 7.33387
34660.000 7.33038
34670.000 7.32864
34680.000 7.32689
34690.000 7.32515
34700.000 7.32340
34710.000 7.31991
34720.000 7.31817
34730.000 7.31642
34740.000 7.31468
34750.000 7.31293
34760.000 7.30944
34770.000 7.30769
34780.000 7.30595
34790.000 7.30420
34800.000 7.30159
34810.000 7.29897
34820.000 7.29722
34830.000 7.29548
34840.000 7.29373
34850.000 7.29111
34860.000 7.28850
34870.000 7.28675
34880.000 7.28500
34890.000 7.28326
34900.000 7.28064
34910.000 7.27890
34920.000 7.27628
34930.000 7.27453
34940.000 7.27279
34950.000 7.27017
34960.000 7.26842
34970.000 7.26581
34980.000 7.26406
34990.000 7.26232
35000.000 7.25970
35010.000 7.25795
35020.000 7.25621
35030.000 7.25359
35040.000 7.25184
35050.000 7.24923
35060.000 7.24748
35070.000 7.24573
35080.000 7.24312
35090.000 7.24137
35100.000 7.23875
35110.000 7.23701
35120.000 7.23526
35130.000 7.23352
35140.000 7.23090
35150.000 7.22915
35160.000 7.22654
35170.000 7.22479
35180.000 7.22305
35190.000 7.22130
35200.000 7.21868
35210.000 7.21606
35220.000 7.21432
35230.000 7.21257
35240.000 7.21083
35250.000 7.20908
35260.000 7.20646
35270.000 7.20385
35280.000 7.20210
35290.000 7.20036
35300.000 7.19861
35310.000 7.19687
35320.000 7.19337
35330.000 7.19163
35340.000 7.18988
35350.000 7.18814
35360.000 7.18639
35370.000 7.18465
35380.000 7.18203
35390.000 7.17941
35400.000 7.17767
35410.000 7.17592
35420.000 7.17418
35430.000 7.17243
35440.000 7.16981
35450.000 7.16719
35460.000 7.16545
35470.000 7.16370
35480.000 7.16196
35490.000 7.16021
35500.000 7.15760
35510.000 7.15585
35520.000 7.15323
35530.000 7.15149
35540.000 7.14974
35550.000 7.14800
35560.000 7.14538
35570.000 7.14363
35580.000 7.14189
35590.000 7.13927
35600.000 7.13752
35610.000 7.13578
35620.000 7.13403
35630.000 7.13142
35640.000 7.12967
35650.000 7.12792
35660.000 7.12531
35670.000 7.12356
35680.000 7.12182
35690.000 7.11920
35700.000 7.11745
35710.000 7.11571
35720.000 7.11396
35730.000 7.11222
35740.000 7.10960
35750.000 7.10785
35760.000 7.10524
35770.000 7.10349
35780.000 7.10175
35790.000 7.10000
35800.000 7.09825
35810.000 7.09564
35820.000 7.09389
35830.000 7.09127
35840.000 7.08953
35850.000 7.08778
35860.000 7.08604
35870.000 7.08429
35880.000 7.08255
35890.000 7.08080
35900.000 7.07731
35910.000 7.07556
35920.000 7.07382
35930.000 7.07207
35940.000 7.07033
35950.000 7.06858
35960.000 7.06684
35970.000 7.06422
35980.000 7.06160
35990.000 7.05986
36000.000 7.05811
36010.000 7.05637
36020.000 7.05462
36030.000 7.05288
36040.000 7.05113
36050.000 7.04851
36060.000 7.04677
36070.000 7.04415
36080.000 7.04240
36090.000 7.04066
36100.000 7.03891
36110.000 7.03717
36120.000 7.03542
36130.000 7.03280
36140.000 7.03106
36150.000 7.02931
36160.000 7.02670
36170.000 7.02495
36180.000 7.02321
36190.000 7.02146
36200.000 7.01971
36210.000 7.01710
36220.000 7.01535
36230.000 7.01361
36240.000 7.01186
36250.000 7.01012
36260.000 7.00750
36270.000 7.00575
36280.000 7.00401
36290.000 7.00226
36300.000 6.99964
36310.000 6.99790
36320.000 6.99615
36330.000 6.99441
36340.000 6.99266
36350.000 6.99092
36360.000 6.98830
36370.000 6.98655
36380.000 6.98481
36390.000 6.98219
36400.000 6.98044
36410.000 6.97870
36420.000 6.97695
36430.000 6.97521
36440.000 6.97346
36450.000 6.97172
36460.000 6.96997
36470.000 6.96735
36480.000 6.96561
36490.000 6.96299
36500.000 6.96125
36510.000 6.95950
36520.000 6.95776
36530.000 6.95601
36540.000 6.95426
36550.000 6.95252
36560.000 6.95077
36570.000 6.94903
36580.000 6.94728
36590.000 6.94379
36600.000 6.94205
36610.000 6.94030
36620.000 6.93856
36630.000 6.93681
36640.000 6.93507
36650.000 6.93332
36660.000 6.93158
36670.000 6.92983
36680.000 6.92808
36690.000 6.92634
36700.000 6.92372
36710.000 6.92198
36720.000 6.92023
36730.000 6.91761
36740.000 6.91587
36750.000 6.91412
36760.000 6.91238
36770.000 6.91063
36780.000 6.90889
36790.000 6.90714
36800.000 6.90540
36810.000 6.90278
36820.000 6.90103
36830.000 6.89929
36840.000 6.89754
36850.000 6.89580
36860.000 6.89405
36870.000 6.89231
36880.000 6.88969
36890.000 6.88794
36900.000 6.88620
36910.000 6.88445
36920.000 6.88271
36930.000 6.88096
36940.000 6.87834
36950.000 6.87660
36960.000 6.87485
36970.000 6.87311
36980.000 6.87136
36990.000 6.86962
37000.000 6.86787
37010.000 6.86613
37020.000 6.86438
37030.000 6.86263
37040.000 6.86089
37050.000 6.85827
37060.000 6.85653
37070.000 6.85478
37080.000 6.85216
37090.000 6.85042
37100.000 6.84867
37110.000 6.84693
37120.000 6.84518
37130.000 6.84344
37140.000 6.84169
37150.000 6.83995
37160.000 6.83820
37170.000 6.83645
37180.000 6.83471
37190.000 6.83296
37200.000 6.83122
37210.000 6.82947
37220.000 6.82773
37230.000 6.82598
37240.000 6.82424
37250.000 6.82162
37260.000 6.81900
37270.000 6.81726
37280.000 6.81551
37290.000 6.81377
37300.000 6.81202
37310.000 6.81028
37320.000 6.80853
37330.000 6.80678
37340.000 6.80504
37350.000 6.80329
37360.000 6.80155
37370.000 6.79980
37380.000 6.79806
37390.000 6.79631
37400.000 6.79457
37410.000 6.79282
37420.000 6.79108
37430.000 6.78933
37440.000 6.78671
37450.000 6.78497
37460.000 6.78322
37470.000 6.78148
37480.000 6.77973
37490.000 6.77799
37500.000 6.77624
37510.000 6.77450
37520.000 6.77275
37530.000 6.77101
37540.000 6.76926
37550.000 6.76751
37560.000 6.76577
37570.000 6.76402
37580.000 6.76141
37590.000 6.75966
37600.000 6.75792
37610.000 6.75617
37620.000 6.75442
37630.000 6.75268
37640.000 6.75093
37650.000 6.74919
37660.000 6.74744
37670.000 6.74570
37680.000 6.74395
37690.000 6.74221
37700.000 6.73959
37710.000 6.73784
37720.000 6.73610
37730.000 6.73435
37740.000 6.73261
37750.000 6.73086
37760.000 6.72912
37770.000 6.72737
37780.000 6.72563
37790.000 6.72388
37800.000 6.72214
37810.000 6.72039
37820.000 6.71865
37830.000 6.71690
37840.000 6.71515
37850.000 6.71341
37860.000 6.71166
37870.000 6.70992
37880.000 6.70817
37890.000 6.70643
37900.000 6.70468
37910.000 6.70294
37920.000 6.70119
37930.000 6.69945
37940.000 6.69770
37950.000 6.69596
37960.000 6.69421
37970.000 6.69247
37980.000 6.69072
37990.000 6.68897
38000.000 6.68723
38010.000 6.68548
38020.000 6.68374
38030.000 6.68199
38040.000 6.68025
38050.000 6.67850
38060.000 6.67676
38070.000 6.67501
38080.000 6.67327
38090.000 6.67152
38100.000 6.66978
38110.000 6.66803
38120.000 6.66629
38130.000 6.66454
38140.000 6.66279
38150.000 6.66105
38160.000 6.65930
38170.000 6.65756
38180.000 6.65581
38190.000 6.65407
38200.000 6.65232
38210.000 6.65058
38220.000 6.64883
38230.000 6.64709
38240.000 6.64534
38250.000 6.64360
38260.000 6.64185
38270.000 6.64011
38280.000 6.63836
38290.000 6.63661
38300.000 6.63487
38310.000 6.63312
38320.000 6.63138
38330.000 6.62963
38340.000 6.62789
38350.000 6.62614
38360.000 6.62440
38370.000 6.62265
38380.000 6.62091
38390.000 6.61916
38400.000 6.61742
38410.000 6.61567
38420.000 6.61393
38430.000 6.61218
38440.000 6.61043
38450.000 6.60869
38460.000 6.60782
38470.000 6.60607
38480.000 6.60433
38490.000 6.60258
38500.000 6.60084
38510.000 6.59909
38520.000 6.59734
38530.000 6.59560
38540.000 6.59385
38550.000 6.59211
38560.000 6.59036
38570.000 6.58862
38580.000 6.58687
38590.000 6.58513
38600.000 6.58338
38610.000 6.58164
38620.000 6.57989
38630.000 6.57815
38640.000 6.57640
38650.000 6.57466
38660.000 6.57291
38670.000 6.57116
38680.000 6.56942
38690.000 6.56767
38700.000 6.56593
38710.000 6.56418
38720.000 6.56244
38730.000 6.56069
38740.000 6.55895
38750.000 6.55720
38760.000 6.55546
38770.000 6.55371
38780.000 6.55284
38790.000 6.55109
38800.000 6.54935
38810.000 6.54760
38820.000 6.54586
38830.000 6.54411
38840.000 6.54237
38850.000 6.54062
38860.000 6.53888
38870.000 6.53713
38880.000 6.53539
38890.000 6.53364
38900.000 6.53277
38910.000 6.53102
38920.000 6.52928
38930.000 6.52753
38940.000 6.52579
38950.000 6.52404
38960.000 6.52230
38970.000 6.52055
38980.000 6.51881
38990.000 6.51706
39000.000 6.51619
39010.000 6.51444
39020.000 6.51270
39030.000 6.51095
39040.000 6.50921
39050.000 6.50746
39060.000 6.50571
39070.000 6.50397
39080.000 6.50222
39090.000 6.50048
39100.000 6.49873
39110.000 6.49699
39120.000 6.49524
39130.000 6.49350
39140.000 6.49175
39150.000 6.49001
39160.000 6.48913
39170.000 6.48739
39180.000 6.48564
39190.000 6.48477
39200.000 6.48303
39210.000 6.48128
39220.000 6.47954
39230.000 6.47779
39240.000 6.47604
39250.000 6.47430
39260.000 6.47255
39270.000 6.47081
39280.000 6.46906
39290.000 6.46732
39300.000 6.46557
39310.000 6.46383
39320.000 6.46208
39330.000 6.46034
39340.000 6.45859
39350.000 6.45772
39360.000 6.45597
39370.000 6.45510
39380.000 6.45336
39390.000 6.45161
39400.000 6.44986
39410.000 6.44812
39420.000 6.44637
39430.000 6.44463
39440.000 6.44288
39450.000 6.44114
39460.000 6.43939
39470.000 6.43765
39480.000 6.43590
39490.000 6.43503
39500.000 6.43328
39510.000 6.43154
39520.000 6.42979
39530.000 6.42805
39540.000 6.42718
39550.000 6.42543
39560.000 6.42368
39570.000 6.42194
39580.000 6.42019
39590.000 6.41845
39600.000 6.41670
39610.000 6.41496
39620.000 6.41409
39630.000 6.41234
39640.000 6.41059
39650.000 6.40885
39660.000 6.40710
39670.000 6.40536
39680.000 6.40361
39690.000 6.40187
39700.000 6.40100
39710.000 6.39925
39720.000 6.39750
39730.000 6.39576
39740.000 6.39489
39750.000 6.39314
39760.000 6.39140
39770.000 6.38965
39780.000 6.38791
39790.000 6.38616
39800.000 6.38441
39810.000 6.38267
39820.000 6.38092
39830.000 6.38005
39840.000 6.37831
39850.000 6.37743
39860.000 6.37569
39870.000 6.37394
39880.000 6.37220
39890.000 6.37045
39900.000 6.36871
39910.000 6.36696
39920.000 6.36522
39930.000 6.36347
39940.000 6.36173
39950.000 6.35998
39960.000 6.35998
39970.000 6.35823
39980.000 6.35649
39990.000 6.35474
40000.000 6.35300
40010.000 6.35125
40020.000 6.34951
40030.000 6.34776
40040.000 6.34602
40050.000 6.34427
40060.000 6.34253
40070.000 6.34165
40080.000 6.34078
40090.000 6.33904
40100.000 6.33729
40110.000 6.33555
40120.000 6.33380
40130.000 6.33205
40140.000 6.33031
40150.000 6.32856
40160.000 6.32769
40170.000 6.32595
40180.000 6.32420
40190.000 6.32333
40200.000 6.32158
40210.000 6.31984
40220.000 6.31809
40230.000 6.31635
40240.000 6.31460
40250.000 6.31286
40260.000 6.31198
40270.000 6.31024
40280.000 6.30849
40290.000 6.30675
40300.000 6.30587
40310.000 6.30413
40320.000 6.30238
40330.000 6.30064
40340.000 6.29889
40350.000 6.29802
40360.000 6.29628
40370.000 6.29453
40380.000 6.29278
40390.000 6.29104
40400.000 6.29017
40410.000 6.28842
40420.000 6.28668
40430.000 6.28493
40440.000 6.28406
40450.000 6.28231
40460.000 6.28057
40470.000 6.27882
40480.000 6.27708
40490.000 6.27533
40500.000 6.27446
40510.000 6.27271
40520.000 6.27184
40530.000 6.27010
40540.000 6.26835
40550.000 6.26660
40560.000 6.26486
40570.000 6.26311
40580.000 6.26137
40590.000 6.26050
40600.000 6.25962
40610.000 6.25788
40620.000 6.25613
40630.000 6.25439
40640.000 6.25264
40650.000 6.25090
40660.000 6.24915
40670.000 6.24741
40680.000 6.24741
40690.000 6.24566
40700.000 6.24392
40710.000 6.24217
40720.000 6.24043
40730.000 6.23868
40740.000 6.23693
40750.000 6.23519
40760.000 6.23519
40770.000 6.23344
40780.000 6.23170
40790.000 6.22995
40800.000 6.22821
40810.000 6.22646
40820.000 6.22472
40830.000 6.22297
40840.000 6.22210
40850.000 6.22123
40860.000 6.21948
40870.000 6.21774
40880.000 6.21599
40890.000 6.21424
40900.000 6.21250
40910.000 6.21163
40920.000 6.20988
40930.000 6.20901
40940.000 6.20726
40950.000 6.20552
40960.000 6.20377
40970.000 6.20203
40980.000 6.20116
40990.000 6.19941
41000.000 6.19766
41010.000 6.19679
41020.000 6.19505
41030.000 6.19330
41040.000 6.19156
41050.000 6.19068
41060.000 6.18894
41070.000 6.18719
41080.000 6.18545
41090.000 6.18457
41100.000 6.18283
41110.000 6.18108
41120.000 6.18021
41130.000 6.17847
41140.000 6.17672
41150.000 6.17497
41160.000 6.17410
41170.000 6.17236
41180.000 6.17061
41190.000 6.16974
41200.000 6.16799
41210.000 6.16625
41220.000 6.16450
41230.000 6.16276
41240.000 6.16189
41250.000 6.16014
41260.000 6.15927
41270.000 6.15752
41280.000 6.15578
41290.000 6.15403
41300.000 6.15229
41310.000 6.15141
41320.000 6.15054
41330.000 6.14880
41340.000 6.14705
41350.000 6.14530
41360.000 6.14356
41370.000 6.14181
41380.000 6.14094
41390.000 6.14007
41400.000 6.13832
41410.000 6.13658
41420.000 6.13483
41430.000 6.13309
41440.000 6.13134
41450.000 6.13134
41460.000 6.12960
41470.000 6.12785
41480.000 6.12611
41490.000 6.12436
41500.000 6.12262
41510.000 6.12174
41520.000 6.12087
41530.000 6.11912
41540.000 6.11738
41550.000 6.11563
41560.000 6.11389
41570.000 6.11302
41580.000 6.11214
41590.000 6.11040
41600.000 6.10865
41610.000 6.10691
41620.000 6.10516
41630.000 6.10429
41640.000 6.10254
41650.000 6.10167
41660.000 6.09993
41670.000 6.09818
41680.000 6.09644
41690.000 6.09556
41700.000 6.09382
41710.000 6.09294
41720.000 6.09120
41730.000 6.08945
41740.000 6.08771
41750.000 6.08684
41760.000 6.08509
41770.000 6.08422
41780.000 6.08247
41790.000 6.08073
41800.000 6.07898
41810.000 6.07811
41820.000 6.07636
41830.000 6.07462
41840.000 6.07375
41850.000 6.07200
41860.000 6.07026
41870.000 6.06938
41880.000 6.06764
41890.000 6.06589
41900.000 6.06502
41910.000 6.06327
41920.000 6.06240
41930.000 6.06066
41940.000 6.05891
41950.000 6.05717
41960.000 6.05629
41970.000 6.05455
41980.000 6.05367
41990.000 6.05193
42000.000 6.05018
42010.000 6.04844
42020.000 6.04757
42030.000 6.04582
42040.000 6.04495
42050.000 6.04320
42060.000 6.04146
42070.000 6.03971
42080.000 6.03884
42090.000 6.03797
42100.000 6.03622
42110.000 6.03448
42120.000 6.03273
42130.000 6.03186
42140.000 6.03099
42150.000 6.02924
42160.000 6.02749
42170.000 6.02575
42180.000 6.02400
42190.000 6.02313
42200.000 6.02226
42210.000 6.02051
42220.000 6.01877
42230.000 6.01702
42240.000 6.01528
42250.000 6.01528
42260.000 6.01353
42270.000 6.01179
42280.000 6.01004
42290.000 6.00830
42300.000 6.00830
42310.000 6.00655
42320.000 6.00481
42330.000 6.00306
42340.000 6.00131
42350.000 6.00044
42360.000 5.99957
42370.000 5.99782
42380.000 5.99608
42390.000 5.99433
42400.000 5.99259
42410.000 5.99259
42420.000 5.99084
42430.000 5.98910
42440.000 5.98735
42450.000 5.98561
42460.000 5.98473
42470.000 5.98386
42480.000 5.98212
42490.000 5.98037
42500.000 5.97863
42510.000 5.97775
42520.000 5.97688
42530.000 5.97513
42540.000 5.97339
42550.000 5.97164
42560.000 5.97077
42570.000 5.96990
42580.000 5.96815
42590.000 5.96641
42600.000 5.96466
42610.000 5.96379
42620.000 5.96204
42630.000 5.96117
42640.000 5.95943
42650.000 5.95855
42660.000 5.95681
42670.000 5.95506
42680.000 5.95419
42690.000 5.95245
42700.000 5.95157
42710.000 5.94983
42720.000 5.94808
42730.000 5.94721
42740.000 5.94546
42750.000 5.94459
42760.000 5.94285
42770.000 5.94110
42780.000 5.94023
42790.000 5.93848
42800.000 5.93761
42810.000 5.93586
42820.000 5.93412
42830.000 5.93325
42840.000 5.93237
42850.000 5.93063
42860.000 5.92888
42870.000 5.92714
42880.000 5.92627
42890.000 5.92539
42900.000 5.92365
42910.000 5.92190
42920.000 5.92016
42930.000 5.91928
42940.000 5.91841
42950.000 5.91667
42960.000 5.91492
42970.000 5.91318
42980.000 5.91318
42990.000 5.91143
43000.000 5.90969
43010.000 5.90794
43020.000 5.90619
43030.000 5.90619
43040.000 5.90445
43050.000 5.90270
43060.000 5.90096
43070.000 5.90009
43080.000 5.89921
43090.000 5.89747
43100.000 5.89572
43110.000 5.89398
43120.000 5.89398
43130.000 5.89223
43140.000 5.89049
43150.000 5.88874
43160.000 5.88787
43170.000 5.88700
43180.000 5.88525
43190.000 5.88350
43200.000 5.88176
43210.000 5.88089
43220.000 5.88001
43230.000 5.87827
43240.000 5.87652
43250.000 5.87565
43260.000 5.87478
43270.000 5.87303
43280.000 5.87129
43290.000 5.86954
43300.000 5.86867
43310.000 5.86780
43320.000 5.86605
43330.000 5.86431
43340.000 5.86343
43350.000 5.86256
43360.000 5.86082
43370.000 5.85907
43380.000 5.85820
43390.000 5.85645
43400.000 5.85558
43410.000 5.85383
43420.000 5.85209
43430.000 5.85122
43440.000 5.85034
43450.000 5.84860
43460.000 5.84685
43470.000 5.84598
43480.000 5.84423
43490.000 5.84336
43500.000 5.84162
43510.000 5.84074
43520.000 5.83900
43530.000 5.83813
43540.000 5.83638
43550.000 5.83551
43560.000 5.83376
43570.000 5.83202
43580.000 5.83115
43590.000 5.82940
43600.000 5.82853
43610.000 5.82678
43620.000 5.82591
43630.000 5.82416
43640.000 5.82329
43650.000 5.82155
43660.000 5.81980
43670.000 5.81893
43680.000 5.81806
43690.000 5.81631
43700.000 5.81456
43710.000 5.81369
43720.000 5.81282
43730.000 5.81107
43740.000 5.80933
43750.000 5.80846
43760.000 5.80758
43770.000 5.80584
43780.000 5.80409
43790.000 5.80322
43800.000 5.80235
43810.000 5.80060
43820.000 5.79886
43830.000 5.79711
43840.000 5.79711
43850.000 5.79537
43860.000 5.79362
43870.000 5.79188
43880.000 5.79188
43890.000 5.79013
43900.000 5.78838
43910.000 5.78664
43920.000 5.78664
43930.000 5.78489
43940.000 5.78315
43950.000 5.78140
43960.000 5.78140
43970.000 5.77966
43980.000 5.77791
43990.000 5.77617
44000.000 5.77617
44010.000 5.77442
44020.000 5.77268
44030.000 5.77093
44040.000 5.77093
44050.000 5.76919
44060.000 5.76744
44070.000 5.76570
44080.000 5.76482
44090.000 5.76395
44100.000 5.76220
44110.000 5.76046
44120.000 5.75959
44130.000 5.75871
44140.000 5.75697
44150.000 5.75522
44160.000 5.75435
44170.000 5.75348
44180.000 5.75173
44190.000 5.74999
44200.000 5.74911
44210.000 5.74824
44220.000 5.74650
44230.000 5.74562
44240.000 5.74388
44250.000 5.74301
44260.000 5.74126
44270.000 5.74039
44280.000 5.73864
44290.000 5.73777
44300.000 5.73602
44310.000 5.73515
44320.000 5.73341
44330.000 5.73253
44340.000 5.73079
44350.000 5.72992
44360.000 5.72817
44370.000 5.72730
44380.000 5.72555
44390.000 5.72468
44400.000 5.72293
44410.000 5.72206
44420.000 5.72119
44430.000 5.71944
44440.000 5.71857
44450.000 5.71683
44460.000 5.71595
44470.000 5.71421
44480.000 5.71334
44490.000 5.71159
44500.000 5.71072
44510.000 5.70897
44520.000 5.70810
44530.000 5.70723
44540.000 5.70548
44550.000 5.70374
44560.000 5.70286
44570.000 5.70199
44580.000 5.70025
44590.000 5.69850
44600.000 5.69763
44610.000 5.69675
44620.000 5.69501
44630.000 5.69326
44640.000 5.69326
44650.000 5.69152
44660.000 5.68977
44670.000 5.68890
44680.000 5.68803
44690.000 5.68628
44700.000 5.68454
44710.000 5.68366
44720.000 5.68279
44730.000 5.68105
44740.000 5.67930
44750.000 5.67930
44760.000 5.67756
44770.000 5.67581
44780.000 5.67407
44790.000 5.67407
44800.000 5.67232
44810.000 5.67057
44820.000 5.67057
44830.000 5.66883
44840.000 5.66708
44850.000 5.66534
44860.000 5.66534
44870.000 5.66359
44880.000 5.66185
44890.000 5.66098
44900.000 5.66010
44910.000 5.65836
44920.000 5.65661
44930.000 5.65661
44940.000 5.65487
44950.000 5.65312
44960.000 5.65225
44970.000 5.65138
44980.000 5.64963
44990.000 5.64789
45000.000 5.64701
45010.000 5.64614
45020.000 5.64439
45030.000 5.64352
45040.000 5.64265
45050.000 5.64090
45060.000 5.63916
45070.000 5.63829
45080.000 5.63741
45090.000 5.63567
45100.000 5.63480
45110.000 5.63305
45120.000 5.63218
45130.000 5.63043
45140.000 5.62956
45150.000 5.62869
45160.000 5.62694
45170.000 5.62607
45180.000 5.62432
45190.000 5.62345
45200.000 5.62171
45210.000 5.62083
45220.000 5.61996
45230.000 5.61822
45240.000 5.61734
45250.000 5.61560
45260.000 5.61472
45270.000 5.61385
45280.000 5.61211
45290.000 5.61123
45300.000 5.60949
45310.000 5.60862
45320.000 5.60687
45330.000 5.60600
45340.000 5.60512
45350.000 5.60338
45360.000 5.60251
45370.000 5.60076
45380.000 5.59989
45390.000 5.59814
45400.000 5.59727
45410.000 5.59640
45420.000 5.59465
45430.000 5.59378
45440.000 5.59291
45450.000 5.59116
45460.000 5.58942
45470.000 5.58854
45480.000 5.58767
45490.000 5.58593
45500.000 5.58505
45510.000 5.58418
45520.000 5.58244
45530.000 5.58069
45540.000 5.58069
45550.000 5.57895
45560.000 5.57720
45570.000 5.57720
45580.000 5.57545
45590.000 5.57371
45600.000 5.57284
45610.000 5.57196
45620.000 5.57022
45630.000 5.56847
45640.000 5.56847
45650.000 5.56673
45660.000 5.56498
45670.000 5.56498
45680.000 5.56324
45690.000 5.56149
45700.000 5.55975
45710.000 5.55975
45720.000 5.55800
45730.000 5.55626
45740.000 5.55626
45750.000 5.55451
45760.000 5.55277
45770.000 5.55277
45780.000 5.55102
45790.000 5.54927
45800.000 5.54840
45810.000 5.54753
45820.000 5.54578
45830.000 5.54491
45840.000 5.54404
45850.000 5.54229
45860.000 5.54055
45870.000 5.54055
45880.000 5.53880
45890.000 5.53706
45900.000 5.53706
45910.000 5.53531
45920.000 5.53357
45930.000 5.53269
45940.000 5.53182
45950.000 5.53008
45960.000 5.52920
45970.000 5.52833
45980.000 5.52659
45990.000 5.52571
46000.000 5.52484
46010.000 5.52309
46020.000 5.52222
46030.000 5.52048
46040.000 5.51960
46050.000 5.51786
46060.000 5.51699
46070.000 5.51611
46080.000 5.51437
46090.000 5.51350
46100.000 5.51262
46110.000 5.51088
46120.000 5.51000
46130.000 5.50913
46140.000 5.50739
46150.000 5.50651
46160.000 5.50564
46170.000 5.50390
46180.000 5.50302
46190.000 5.50128
46200.000 5.50041
46210.000 5.49953
46220.000 5.49779
46230.000 5.49691
46240.000 5.49604
46250.000 5.49430
46260.000 5.49342
46270.000 5.49255
46280.000 5.49081
46290.000 5.48993
46300.000 5.48906
46310.000 5.48732
46320.000 5.48644
46330.000 5.48557
46340.000 5.48382
46350.000 5.48208
46360.000 5.48121
46370.000 5.48033
46380.000 5.47859
46390.000 5.47772
46400.000 5.47684
46410.000 5.47510
46420.000 5.47423
46430.000 5.47335
46440.000 5.47161
46450.000 5.47073
46460.000 5.46986
46470.000 5.46812
46480.000 5.46724
46490.000 5.46637
46500.000 5.46463
46510.000 5.46375
46520.000 5.46288
46530.000 5.46114
46540.000 5.46026
46550.000 5.45939
46560.000 5.45764
46570.000 5.45677
46580.000 5.45590
46590.000 5.45415
46600.000 5.45241
46610.000 5.45241
46620.000 5.45066
46630.000 5.44892
46640.000 5.44892
46650.000 5.44717
46660.000 5.44543
46670.000 5.44543
46680.000 5.44368
46690.000 5.44194
46700.000 5.44194
46710.000 5.44019
46720.000 5.43845
46730.000 5.43845
46740.000 5.43670
46750.000 5.43583
46760.000 5.43496
46770.000 5.43321
46780.000 5.43234
46790.000 5.43146
46800.000 5.42972
46810.000 5.42885
46820.000 5.42797
46830.000 5.42623
46840.000 5.42536
46850.000 5.42448
46860.000 5.42274
46870.000 5.42187
46880.000 5.42099
46890.000 5.41925
46900.000 5.41838
46910.000 5.41750
46920.000 5.41576
46930.000 5.41488
46940.000 5.41401
46950.000 5.41227
46960.000 5.41139
46970.000 5.41052
46980.000 5.40878
46990.000 5.40790
47000.000 5.40703
47010.000 5.40528
47020.000 5.40441
47030.000 5.40354
47040.000 5.40179
47050.000 5.40092
47060.000 5.40005
47070.000 5.39830
47080.000 5.39743
47090.000 5.39656
47100.000 5.39569
47110.000 5.39394
47120.000 5.39307
47130.000 5.39219
47140.000 5.39045
47150.000 5.38958
47160.000 5.38870
47170.000 5.38696
47180.000 5.38609
47190.000 5.38521
47200.000 5.38347
47210.000 5.38260
47220.000 5.38172
47230.000 5.37998
47240.000 5.37911
47250.000 5.37823
47260.000 5.37736
47270.000 5.37649
47280.000 5.37474
47290.000 5.37387
47300.000 5.37300
47310.000 5.37125
47320.000 5.37038
47330.000 5.36951
47340.000 5.36776
47350.000 5.36689
47360.000 5.36601
47370.000 5.36427
47380.000 5.36340
47390.000 5.36252
47400.000 5.36078
47410.000 5.35991
47420.000 5.35903
47430.000 5.35729
47440.000 5.35729
47450.000 5.35554
47460.000 5.35380
47470.000 5.35380
47480.000 5.35205
47490.000 5.35031
47500.000 5.35031
47510.000 5.34856
47520.000 5.34769
47530.000 5.34682
47540.000 5.34507
47550.000 5.34507
47560.000 5.34333
47570.000 5.34158
47580.000 5.34158
47590.000 5.33984
47600.000 5.33809
47610.000 5.33809
47620.000 5.33634
47630.000 5.33460
47640.000 5.33460
47650.000 5.33285
47660.000 5.33198
47670.000 5.33111
47680.000 5.32936
47690.000 5.32936
47700.000 5.32762
47710.000 5.32587
47720.000 5.32587
47730.000 5.32413
47740.000 5.32238
47750.000 5.32238
47760.000 5.32064
47770.000 5.31976
47780.000 5.31889
47790.000 5.31715
47800.000 5.31627
47810.000 5.31540
47820.000 5.31365
47830.000 5.31365
47840.000 5.31191
47850.000 5.31016
47860.000 5.31016
47870.000 5.30842
47880.000 5.30755
47890.000 5.30667
47900.000 5.30493
47910.000 5.30406
47920.000 5.30318
47930.000 5.30144
47940.000 5.30057
47950.000 5.29969
47960.000 5.29882
47970.000 5.29795
47980.000 5.29620
47990.000 5.29533
48000.000 5.29446
48010.000 5.29271
48020.000 5.29184
48030.000 5.29097
48040.000 5.29009
48050.000 5.28835
48060.000 5.28748
48070.000 5.28660
48080.000 5.28573
48090.000 5.28398
48100.000 5.28311
48110.000 5.28224
48120.000 5.28137
48130.000 5.27962
48140.000 5.27875
48150.000 5.27788
48160.000 5.27613
48170.000 5.27526
48180.000 5.27438
48190.000 5.27351
48200.000 5.27264
48210.000 5.27089
48220.000 5.27002
48230.000 5.26915
48240.000 5.26740
48250.000 5.26653
48260.000 5.26566
48270.000 5.26479
48280.000 5.26391
48290.000 5.26217
48300.000 5.26130
48310.000 5.26042
48320.000 5.25868
48330.000 5.25780
48340.000 5.25693
48350.000 5.25606
48360.000 5.25519
48370.000 5.25344
48380.000 5.25257
48390.000 5.25170
48400.000 5.24995
48410.000 5.24995
48420.000 5.24821
48430.000 5.24733
48440.000 5.24646
48450.000 5.24471
48460.000 5.24384
48470.000 5.24297
48480.000 5.24122
48490.000 5.24122
48500.000 5.23948
48510.000 5.23861
48520.000 5.23773
48530.000 5.23599
48540.000 5.23599
48550.000 5.23424
48560.000 5.23250
48570.000 5.23250
48580.000 5.23075
48590.000 5.23075
48600.000 5.22901
48610.000 5.22726
48620.000 5.22726
48630.000 5.22552
48640.000 5.22377
48650.000 5.22377
48660.000 5.22203
48670.000 5.22203
48680.000 5.22028
48690.000 5.21853
48700.000 5.21853
48710.000 5.21679
48720.000 5.21592
48730.000 5.21504
48740.000 5.21330
48750.000 5.21330
48760.000 5.21155
48770.000 5.21068
48780.000 5.20981
48790.000 5.20806
48800.000 5.20806
48810.000 5.20632
48820.000 5.20544
48830.000 5.20457
48840.000 5.20283
48850.000 5.20195
48860.000 5.20108
48870.000 5.19934
48880.000 5.19934
48890.000 5.19759
48900.000 5.19672
48910.000 5.19585
48920.000 5.19410
48930.000 5.19410
48940.000 5.19235
48950.000 5.19148
48960.000 5.19061
48970.000 5.18886
48980.000 5.18799
48990.000 5.18712
49000.000 5.18625
49010.000 5.18537
49020.000 5.18363
49030.000 5.18276
49040.000 5.18188
49050.000 5.18101
49060.000 5.18014
49070.000 5.17839
49080.000 5.17752
49090.000 5.17665
49100.000 5.17577
49110.000 5.17490
49120.000 5.17316
49130.000 5.17228
49140.000 5.17141
49150.000 5.17054
49160.000 5.16967
49170.000 5.16792
49180.000 5.16705
49190.000 5.16617
49200.000 5.16530
49210.000 5.16356
49220.000 5.16268
49230.000 5.16181
49240.000 5.16094
49250.000 5.16007
49260.000 5.15832
49270.000 5.15745
49280.000 5.15658
49290.000 5.15570
49300.000 5.15483
49310.000 5.15308
49320.000 5.15308
49330.000 5.15134
49340.000 5.15047
49350.000 5.14959
49360.000 5.14785
49370.000 5.14785
49380.000 5.14610
49390.000 5.14523
49400.000 5.14436
49410.000 5.14261
49420.000 5.14261
49430.000 5.14087
49440.000 5.13999
49450.000 5.13912
49460.000 5.13738
49470.000 5.13738
49480.000 5.13563
49490.000 5.13476
49500.000 5.13389
49510.000 5.13214
49520.000 5.13214
49530.000 5.13040
49540.000 5.13040
49550.000 5.12865
49560.000 5.12690
49570.000 5.12690
49580.000 5.12516
49590.000 5.12516
49600.000 5.12341
49610.000 5.12167
49620.000 5.12167
49630.000 5.11992
49640.000 5.11992
49650.000 5.11818
49660.000 5.11643
49670.000 5.11643
49680.000 5.11469
49690.000 5.11469
49700.000 5.11294
49710.000 5.11207
49720.000 5.11120
49730.000 5.10945
49740.000 5.10945
49750.000 5.10771
49760.000 5.10771
49770.000 5.10596
49780.000 5.10422
49790.000 5.10422
49800.000 5.10247
49810.000 5.10247
49820.000 5.10072
49830.000 5.09985
49840.000 5.09898
49850.000 5.09723
49860.000 5.09723
49870.000 5.09549
49880.000 5.09462
49890.000 5.09374
49900.000 5.09200
49910.000 5.09200
49920.000 5.09025
49930.000 5.08938
49940.000 5.08851
49950.000 5.08764
49960.000 5.08676
49970.000 5.08502
49980.000 5.08502
49990.000 5.08327
50000.000 5.08240
50010.000 5.08153
50020.000 5.08065
50030.000 5.07978
50040.000 5.07804
50050.000 5.07716
50060.000 5.07629
50070.000 5.07542
50080.000 5.07454
50090.000 5.07280
50100.000 5.07193
50110.000 5.07105
50120.000 5.07018
50130.000 5.06931
50140.000 5.06844
50150.000 5.06756
50160.000 5.06582
50170.000 5.06495
50180.000 5.06407
50190.000 5.06320
50200.000 5.06233
50210.000 5.06145
50220.000 5.05971
50230.000 5.05884
50240.000 5.05796
50250.000 5.05709
50260.000 5.05622
50270.000 5.05535
50280.000 5.05447
50290.000 5.05273
50300.000 5.05186
50310.000 5.05098
50320.000 5.05011
50330.000 5.04924
50340.000 5.04837
50350.000 5.04749
50360.000 5.04575
50370.000 5.04487
50380.000 5.04400
50390.000 5.04313
50400.000 5.04226
50410.000 5.04051
50420.000 5.04051
50430.000 5.03877
50440.000 5.03789
50450.000 5.03702
50460.000 5.03615
50470.000 5.03527
50480.000 5.03353
50490.000 5.03353
50500.000 5.03178
50510.000 5.03178
50520.000 5.03004
50530.000 5.02917
50540.000 5.02829
50550.000 5.02655
50560.000 5.02655
50570.000 5.02480
50580.000 5.02480
50590.000 5.02306
50600.000 5.02218
50610.000 5.02131
50620.000 5.01957
50630.000 5.01957
50640.000 5.01782
50650.000 5.01782
50660.000 5.01608
50670.000 5.01520
50680.000 5.01433
50690.000 5.01259
50700.000 5.01259
50710.000 5.01084
50720.000 5.01084
50730.000 5.00910
50740.000 5.00910
50750.000 5.00735
50760.000 5.00560
50770.000 5.00560
50780.000 5.00386
50790.000 5.00386
50800.000 5.00211
50810.000 5.00211
50820.000 5.00037
50830.000 4.99950
50840.000 4.99862
50850.000 4.99688
50860.000 4.99688
50870.000 4.99513
50880.000 4.99513
50890.000 4.99339
50900.000 4.99251
50910.000 4.99164
50920.000 4.98990
50930.000 4.98990
50940.000 4.98815
50950.000 4.98815
50960.000 4.98641
50970.000 4.98553
50980.000 4.98466
50990.000 4.98379
51000.000 4.98291
51010.000 4.98117
51020.000 4.98117
51030.000 4.97942
51040.000 4.97942
51050.000 4.97768
51060.000 4.97681
51070.000 4.97593
51080.000 4.97506
51090.000 4.97419
51100.000 4.97244
51110.000 4.97244
51120.000 4.97070
51130.000 4.96983
51140.000 4.96895
51150.000 4.96808
51160.000 4.96721
51170.000 4.96633
51180.000 4.96546
51190.000 4.96459
51200.000 4.96372
51210.000 4.96197
51220.000 4.96110
51230.000 4.96023
51240.000 4.95935
51250.000 4.95848
51260.000 4.95761
51270.000 4.95674
51280.000 4.95586
51290.000 4.95499
51300.000 4.95324
51310.000 4.95237
51320.000 4.95150
51330.000 4.95063
51340.000 4.94975
51350.000 4.94888
51360.000 4.94801
51370.000 4.94714
51380.000 4.94626
51390.000 4.94539
51400.000 4.94365
51410.000 4.94277
51420.000 4.94190
51430.000 4.94103
51440.000 4.94015
51450.000 4.93928
51460.000 4.93841
51470.000 4.93754
51480.000 4.93666
51490.000 4.93492
51500.000 4.93492
51510.000 4.93317
51520.000 4.93230
51530.000 4.93143
51540.000 4.93056
51550.000 4.92968
51560.000 4.92881
51570.000 4.92794
51580.000 4.92619
51590.000 4.92619
51600.000 4.92445
51610.000 4.92445
51620.000 4.92270
51630.000 4.92183
51640.000 4.92096
51650.000 4.92008
51660.000 4.91921
51670.000 4.91747
51680.000 4.91747
51690.000 4.91572
51700.000 4.91572
51710.000 4.91397
51720.000 4.91397
51730.000 4.91223
51740.000 4.91223
51750.000 4.91048
51760.000 4.90961
51770.000 4.90874
51780.000 4.90699
51790.000 4.90699
51800.000 4.90525
51810.000 4.90525
51820.000 4.90350
51830.000 4.90350
51840.000 4.90176
51850.000 4.90176
51860.000 4.90001
51870.000 4.90001
51880.000 4.89827
51890.000 4.89652
51900.000 4.89652
51910.000 4.89478
51920.000 4.89478
51930.000 4.89303
51940.000 4.89303
51950.000 4.89129
51960.000 4.89129
51970.000 4.88954
51980.000 4.88954
51990.000 4.88779
52000.000 4.88692
52010.000 4.88605
52020.000 4.88518
52030.000 4.88430
52040.000 4.88256
52050.000 4.88256
52060.000 4.88081
52070.000 4.88081
52080.000 4.87907
52090.000 4.87907
52100.000 4.87732
52110.000 4.87645
52120.000 4.87558
52130.000 4.87470
52140.000 4.87383
52150.000 4.87296
52160.000 4.87209
52170.000 4.87121
52180.000 4.87034
52190.000 4.86860
52200.000 4.86860
52210.000 4.86685
52220.000 4.86685
52230.000 4.86511
52240.000 4.86423
52250.000 4.86336
52260.000 4.86249
52270.000 4.86161
52280.000 4.86074
52290.000 4.85987
52300.000 4.85900
52310.000 4.85812
52320.000 4.85725
52330.000 4.85638
52340.000 4.85551
52350.000 4.85463
52360.000 4.85289
52370.000 4.85202
52380.000 4.85114
52390.000 4.85027
52400.000 4.84940
52410.000 4.84852
52420.000 4.84765
52430.000 4.84678
52440.000 4.84591
52450.000 4.84503
52460.000 4.84416
52470.000 4.84329
52480.000 4.84242
52490.000 4.84154
52500.000 4.84067
52510.000 4.83980
52520.000 4.83805
52530.000 4.83805
52540.000 4.83631
52550.000 4.83631
52560.000 4.83456
52570.000 4.83369
52580.000 4.83282
52590.000 4.83194
52600.000 4.83107
52610.000 4.83020
52620.000 4.82933
52630.000 4.82845
52640.000 4.82758
52650.000 4.82671
52660.000 4.82584
52670.000 4.82496
52680.000 4.82409
52690.000 4.82234
52700.000 4.82234
52710.000 4.82060
52720.000 4.82060
52730.000 4.81885
52740.000 4.81885
52750.000 4.81711
52760.000 4.81711
52770.000 4.81536
52780.000 4.81536
52790.000 4.81362
52800.000 4.81275
52810.000 4.81187
52820.000 4.81100
52830.000 4.81013
52840.000 4.80926
52850.000 4.80838
52860.000 4.80751
52870.000 4.80664
52880.000 4.80489
52890.000 4.80489
52900.000 4.80315
52910.000 4.80315
52920.000 4.80140
52930.000 4.80140
52940.000 4.79966
52950.000 4.79966
52960.000 4.79791
52970.000 4.79791
52980.000 4.79616
52990.000 4.79616
53000.000 4.79442
53010.000 4.79442
53020.000 4.79267
53030.000 4.79267
53040.000 4.79093
53050.000 4.79093
53060.000 4.78918
53070.000 4.78918
53080.000 4.78744
53090.000 4.78657
53100.000 4.78569
53110.000 4.78482
53120.000 4.78395
53130.000 4.78307
53140.000 4.78220
53150.000 4.78046
53160.000 4.78046
53170.000 4.77871
53180.000 4.77871
53190.000 4.77697
53200.000 4.77697
53210.000 4.77522
53220.000 4.77522
53230.000 4.77348
53240.000 4.77348
53250.000 4.77173
53260.000 4.77173
53270.000 4.76999
53280.000 4.76999
53290.000 4.76824
53300.000 4.76824
53310.000 4.76649
53320.000 4.76649
53330.000 4.76475
53340.000 4.76475
53350.000 4.76300
53360.000 4.76213
53370.000 4.76126
53380.000 4.76039
53390.000 4.75951
53400.000 4.75864
53410.000 4.75777
53420.000 4.75690
53430.000 4.75602
53440.000 4.75515
53450.000 4.75428
53460.000 4.75340
53470.000 4.75253
53480.000 4.75166
53490.000 4.75079
53500.000 4.74991
53510.000 4.74904
53520.000 4.74817
53530.000 4.74730
53540.000 4.74642
53550.000 4.74555
53560.000 4.74468
53570.000 4.74380
53580.000 4.74293
53590.000 4.74206
53600.000 4.74119
53610.000 4.74031
53620.000 4.73944
53630.000 4.73857
53640.000 4.73770
53650.000 4.73682
53660.000 4.73595
53670.000 4.73508
53680.000 4.73421
53690.000 4.73333
53700.000 4.73246
53710.000 4.73159
53720.000 4.73072
53730.000 4.72984
53740.000 4.72897
53750.000 4.72810
53760.000 4.72722
53770.000 4.72635
53780.000 4.72548
53790.000 4.72373
53800.000 4.72373
53810.000 4.72199
53820.000 4.72199
53830.000 4.72024
53840.000 4.72024
53850.000 4.71850
53860.000 4.71850
53870.000 4.71675
53880.000 4.71675
53890.000 4.71501
53900.000 4.71501
53910.000 4.71326
53920.000 4.71326
53930.000 4.71152
53940.000 4.71152
53950.000 4.70977
53960.000 4.70977
53970.000 4.70803
53980.000 4.70803
53990.000 4.70628
54000.000 4.70628
54010.000 4.70454
54020.000 4.70454
54030.000 4.70279
54040.000 4.70279
54050.000 4.70104
54060.000 4.70104
54070.000 4.69930
54080.000 4.69930
54090.000 4.69755
54100.000 4.69755
54110.000 4.69581
54120.000 4.69581
54130.000 4.69406
54140.000 4.69406
54150.000 4.69232
54160.000 4.69232
54170.000 4.69057
54180.000 4.69057
54190.000 4.68883
54200.000 4.68883
54210.000 4.68708
54220.000 4.68708
54230.000 4.68534
54240.000 4.68534
54250.000 4.68359
54260.000 4.68359
54270.000 4.68185
54280.000 4.68185
54290.000 4.68010
54300.000 4.68010
54310.000 4.67836
54320.000 4.67836
54330.000 4.67661
54340.000 4.67661
54350.000 4.67486
54360.000 4.67486
54370.000 4.67399
54380.000 4.67312
54390.000 4.67225
54400.000 4.67137
54410.000 4.67050
54420.000 4.66963
54430.000 4.66876
54440.000 4.66788
54450.000 4.66701
54460.000 4.66614
54470.000 4.66527
54480.000 4.66439
54490.000 4.66352
54500.000 4.66265
54510.000 4.66177
54520.000 4.66090
54530.000 4.66003
54540.000 4.65916
54550.000 4.65828
54560.000 4.65741
54570.000 4.65654
54580.000 4.65567
54590.000 4.65479
54600.000 4.65392
54610.000 4.65392
54620.000 4.65218
54630.000 4.65218
54640.000 4.65043
54650.000 4.65043
54660.000 4.64868
54670.000 4.64868
54680.000 4.64694
54690.000 4.64694
54700.000 4.64519
54710.000 4.64519
54720.000 4.64432
54730.000 4.64345
54740.000 4.64258
54750.000 4.64170
54760.000 4.64083
54770.000 4.63996
54780.000 4.63909
54790.000 4.63821
54800.000 4.63734
54810.000 4.63647
54820.000 4.63559
54830.000 4.63472
54840.000 4.63385
54850.000 4.63298
54860.000 4.63210
54870.000 4.63123
54880.000 4.63036
54890.000 4.62949
54900.000 4.62861
54910.000 4.62774
54920.000 4.62687
54930.000 4.62600
54940.000 4.62512
54950.000 4.62425
54960.000 4.62338
54970.000 4.62338
54980.000 4.62163
54990.000 4.62163
55000.000 4.61989
55010.000 4.61989
55020.000 4.61814
55030.000 4.61814
55040.000 4.61640
55050.000 4.61640
55060.000 4.61552
55070.000 4.61465
55080.000 4.61378
55090.000 4.61291
55100.000 4.61203
55110.000 4.61116
55120.000 4.61029
55130.000 4.60941
55140.000 4.60854
55150.000 4.60767
55160.000 4.60680
55170.000 4.60592
55180.000 4.60592
55190.000 4.60418
55200.000 4.60418
55210.000 4.60243
55220.000 4.60243
55230.000 4.60069
55240.000 4.60069
55250.000 4.59894
55260.000 4.59894
55270.000 4.59720
55280.000 4.59720
55290.000 4.59545
55300.000 4.59545
55310.000 4.59371
55320.000 4.59371
55330.000 4.59283
55340.000 4.59196
55350.000 4.59109
55360.000 4.59022
55370.000 4.59022
55380.000 4.58847
55390.000 4.58847
55400.000 4.58673
55410.000 4.58673
55420.000 4.58498
55430.000 4.58498
55440.000 4.58323
55450.000 4.58323
55460.000 4.58149
55470.000 4.58149
55480.000 4.57974
55490.000 4.57974
55500.000 4.57800
55510.000 4.57800
55520.000 4.57625
55530.000 4.57625
55540.000 4.57538
55550.000 4.57451
55560.000 4.57451
55570.000 4.57276
55580.000 4.57276
55590.000 4.57102
55600.000 4.57102
55610.000 4.56927
55620.000 4.56927
55630.000 4.56753
55640.000 4.56753
55650.000 4.56578
55660.000 4.56578
55670.000 4.56404
55680.000 4.56404
55690.000 4.56316
55700.000 4.56229
55710.000 4.56142
55720.000 4.56055
55730.000 4.55967
55740.000 4.55880
55750.000 4.55880
55760.000 4.55705
55770.000 4.55705
55780.000 4.55531
55790.000 4.55531
55800.000 4.55356
55810.000 4.55356
55820.000 4.55182
55830.000 4.55182
55840.000 4.55095
55850.000 4.55007
55860.000 4.54920
55870.000 4.54833
55880.000 4.54746
55890.000 4.54658
55900.000 4.54571
55910.000 4.54484
55920.000 4.54484
55930.000 4.54309
55940.000 4.54309
55950.000 4.54135
55960.000 4.54135
55970.000 4.54047
55980.000 4.53960
55990.000 4.53873
56000.000 4.53786
56010.000 4.53698
56020.000 4.53611
56030.000 4.53524
56040.000 4.53437
56050.000 4.53349
56060.000 4.53262
56070.000 4.53175
56080.000 4.53087
56090.000 4.53087
56100.000 4.53000
56110.000 4.52913
56120.000 4.52826
56130.000 4.52738
56140.000 4.52651
56150.000 4.52564
56160.000 4.52477
56170.000 4.52389
56180.000 4.52302
56190.000 4.52215
56200.000 4.52128
56210.000 4.52128
56220.000 4.51953
56230.000 4.51953
56240.000 4.51866
56250.000 4.51779
56260.000 4.51691
56270.000 4.51604
56280.000 4.51517
56290.000 4.51429
56300.000 4.51342
56310.000 4.51255
56320.000 4.51255
56330.000 4.51080
56340.000 4.51080
56350.000 4.50906
56360.000 4.50906
56370.000 4.50819
56380.000 4.50731
56390.000 4.50644
56400.000 4.50557
56410.000 4.50469
56420.000 4.50382
56430.000 4.50382
56440.000 4.50208
56450.000 4.50208
56460.000 4.50033
56470.000 4.50033
56480.000 4.49859
56490.000 4.49859
56500.000 4.49771
56510.000 4.49684
56520.000 4.49597
56530.000 4.49510
56540.000 4.49510
56550.000 4.49335
56560.000 4.49335
56570.000 4.49160
56580.000 4.49160
56590.000 4.48986
56600.000 4.48986
56610.000 4.48811
56620.000 4.48811
56630.000 4.48724
56640.000 4.48637
56650.000 4.48637
56660.000 4.48462
56670.000 4.48462
56680.000 4.48288
56690.000 4.48288
56700.000 4.48113
56710.000 4.48113
56720.000 4.47939
56730.000 4.47939
56740.000 4.47939
56750.000 4.47764
56760.000 4.47764
56770.000 4.47590
56780.000 4.47590
56790.000 4.47415
56800.000 4.47415
56810.000 4.47241
56820.000 4.47241
56830.000 4.47153
56840.000 4.47066
56850.000 4.47066
56860.000 4.46892
56870.000 4.46892
56880.000 4.46717
56890.000 4.46717
56900.000 4.46543
56910.000 4.46543
56920.000 4.46368
56930.000 4.46368
56940.000 4.46281
56950.000 4.46193
56960.000 4.46193
56970.000 4.46019
56980.000 4.46019
56990.000 4.45844
57000.000 4.45844
57010.000 4.45670
57020.000 4.45670
57030.000 4.45583
57040.000 4.45495
57050.000 4.45408
57060.000 4.45321
57070.000 4.45321
57080.000 4.45146
57090.000 4.45146
57100.000 4.44972
57110.000 4.44972
57120.000 4.44884
57130.000 4.44797
57140.000 4.44710
57150.000 4.44623
57160.000 4.44623
57170.000 4.44448
57180.000 4.44448
57190.000 4.44361
57200.000 4.44274
57210.000 4.44186
57220.000 4.44099
57230.000 4.44012
57240.000 4.43925
57250.000 4.43837
57260.000 4.43750
57270.000 4.43750
57280.000 4.43663
57290.000 4.43575
57300.000 4.43488
57310.000 4.43401
57320.000 4.43314
57330.000 4.43226
57340.000 4.43139
57350.000 4.43052
57360.000 4.43052
57370.000 4.42965
57380.000 4.42877
57390.000 4.42790
57400.000 4.42703
57410.000 4.42616
57420.000 4.42528
57430.000 4.42441
57440.000 4.42441
57450.000 4.42354
57460.000 4.42266
57470.000 4.42179
57480.000 4.42092
57490.000 4.42005
57500.000 4.41917
57510.000 4.41830
57520.000 4.41743
57530.000 4.41743
57540.000 4.41656
57550.000 4.41568
57560.000 4.41481
57570.000 4.41394
57580.000 4.41306
57590.000 4.41219
57600.000 4.41219
57610.000 4.41045
57620.000 4.41045
57630.000 4.40957
57640.000 4.40870
57650.000 4.40783
57660.000 4.40696
57670.000 4.40608
57680.000 4.40521
57690.000 4.40521
57700.000 4.40347
57710.000 4.40347
57720.000 4.40259
57730.000 4.40172
57740.000 4.40085
57750.000 4.39998
57760.000 4.39998
57770.000 4.39823
57780.000 4.39823
57790.000 4.39736
57800.000 4.39648
57810.000 4.39561
57820.000 4.39474
57830.000 4.39474
57840.000 4.39299
57850.000 4.39299
57860.000 4.39125
57870.000 4.39125
57880.000 4.39038
57890.000 4.38950
57900.000 4.38950
57910.000 4.38776
57920.000 4.38776
57930.000 4.38601
57940.000 4.38601
57950.000 4.38427
57960.000 4.38427
57970.000 4.38427
57980.000 4.38252
57990.000 4.38252
58000.000 4.38078
58010.000 4.38078
58020.000 4.37903
58030.000 4.37903
58040.000 4.37903
58050.000 4.37729
58060.000 4.37729
58070.000 4.37554
58080.000 4.37554
58090.000 4.37380
58100.000 4.37380
58110.000 4.37380
58120.000 4.37205
58130.000 4.37205
58140.000 4.37030
58150.000 4.37030
58160.000 4.36856
58170.000 4.36856
58180.000 4.36769
58190.000 4.36681
58200.000 4.36681
58210.000 4.36507
58220.000 4.36507
58230.000 4.36332
58240.000 4.36332
58250.000 4.36245
58260.000 4.36158
58270.000 4.36158
58280.000 4.35983
58290.000 4.35983
58300.000 4.35809
58310.000 4.35809
58320.000 4.35721
58330.000 4.35634
58340.000 4.35634
58350.000 4.35460
58360.000 4.35460
58370.000 4.35285
58380.000 4.35285
58390.000 4.35198
58400.000 4.35111
58410.000 4.35111
58420.000 4.34936
58430.000 4.34936
58440.000 4.34762
58450.000 4.34762
58460.000 4.34674
58470.000 4.34587
58480.000 4.34587
58490.000 4.34412
58500.000 4.34412
58510.000 4.34325
58520.000 4.34238
58530.000 4.34151
58540.000 4.34063
58550.000 4.34063
58560.000 4.33889
58570.000 4.33889
58580.000 4.33802
58590.000 4.33714
58600.000 4.33627
58610.000 4.33540
58620.000 4.33540
58630.000 4.33365
58640.000 4.33365
58650.000 4.33278
58660.000 4.33191
58670.000 4.33103
58680.000 4.33016
58690.000 4.33016
58700.000 4.32929
58710.000 4.32842
58720.000 4.32754
58730.000 4.32667
58740.000 4.32580
58750.000 4.32493
58760.000 4.32493
58770.000 4.32405
58780.000 4.32318
58790.000 4.32231
58800.000 4.32144
58810.000 4.32056
58820.000 4.32056
58830.000 4.31969
58840.000 4.31882
58850.000 4.31794
58860.000 4.31707
58870.000 4.31620
58880.000 4.31533
58890.000 4.31533
58900.000 4.31445
58910.000 4.31358
58920.000 4.31271
58930.000 4.31184
58940.000 4.31184
58950.000 4.31009
58960.000 4.31009
58970.000 4.30922
58980.000 4.30835
58990.000 4.30747
59000.000 4.30660
59010.000 4.30660
59020.000 4.30573
59030.000 4.30485
59040.000 4.30398
59050.000 4.30311
59060.000 4.30311
59070.000 4.30136
59080.000 4.30136
59090.000 4.30049
59100.000 4.29962
59110.000 4.29875
59120.000 4.29787
59130.000 4.29787
59140.000 4.29613
59150.000 4.29613
59160.000 4.29526
59170.000 4.29438
59180.000 4.29438
59190.000 4.29264
59200.000 4.29264
59210.000 4.29176
59220.000 4.29089
59230.000 4.29089
59240.000 4.28915
59250.000 4.28915
59260.000 4.28740
59270.000 4.28740
59280.000 4.28653
59290.000 4.28566
59300.000 4.28566
59310.000 4.28391
59320.000 4.28391
59330.000 4.28304
59340.000 4.28217
59350.000 4.28217
59360.000 4.28042
59370.000 4.28042
59380.000 4.27867
59390.000 4.27867
59400.000 4.27867
59410.000 4.27693
59420.000 4.27693
59430.000 4.27518
59440.000 4.27518
59450.000 4.27431
59460.000 4.27344
59470.000 4.27344
59480.000 4.27169
59490.000 4.27169
59500.000 4.26995
59510.000 4.26995
59520.000 4.26995
59530.000 4.26820
59540.000 4.26820
59550.000 4.26646
59560.000 4.26646
59570.000 4.26646
59580.000 4.26471
59590.000 4.26471
59600.000 4.26297
59610.000 4.26297
59620.000 4.26209
59630.000 4.26122
59640.000 4.26122
59650.000 4.25948
59660.000 4.25948
59670.000 4.25860
59680.000 4.25773
59690.000 4.25773
59700.000 4.25599
59710.000 4.25599
59720.000 4.25511
59730.000 4.25424
59740.000 4.25424
59750.000 4.25249
59760.000 4.25249
59770.000 4.25075
59780.000 4.25075
59790.000 4.24988
59800.000 4.24900
59810.000 4.24900
59820.000 4.24726
59830.000 4.24726
59840.000 4.24639
59850.000 4.24551
59860.000 4.24551
59870.000 4.24377
59880.000 4.24377
59890.000 4.24290
59900.000 4.24202
59910.000 4.24202
59920.000 4.24028
59930.000 4.24028
59940.000 4.23940
59950.000 4.23853
59960.000 4.23766
59970.000 4.23679
59980.000 4.23679
59990.000 4.23591
60000.000 4.23504
